% magnetic measurements of CHX's IVU20
% provided by Oleg Chubar 12/3/2014
5.50000	1.84419	1.58242
5.56914	1.82206	1.60674
5.63828	1.79987	1.63131
5.70741	1.77758	1.65639
5.77655	1.75516	1.68215
5.84569	1.73266	1.70853
5.91483	1.71015	1.73543
5.98397	1.68771	1.76275
6.05311	1.66541	1.79039
6.12224	1.64333	1.81824
6.19138	1.62152	1.8462
6.26052	1.60007	1.87419
6.32966	1.57898	1.90216
6.3988	1.55825	1.93009
6.46794	1.53788	1.95797
6.53707	1.51788	1.98578
6.60621	1.49823	2.0135
6.67535	1.47895	2.04111
6.74449	1.46002	2.06859
6.81363	1.44146	2.09592
6.88277	1.42326	2.12308
6.9519	1.40542	2.15004
7.02104	1.38794	2.17677
7.09018	1.37084	2.20324
7.15932	1.3541	2.22944
7.22846	1.33773	2.25534
7.2976	1.3217	2.28096
7.36673	1.30597	2.30638
7.43587	1.29047	2.33169
7.50501	1.27515	2.35697
7.57415	1.25995	2.38231
7.64329	1.24482	2.40778
7.71242	1.22969	2.43349
7.78156	1.21454	2.45945
7.8507	1.19943	2.48558
7.91984	1.18439	2.51177
7.98898	1.16951	2.5379
8.05812	1.15482	2.56387
8.12725	1.14039	2.58956
8.19639	1.12628	2.61487
8.26553	1.11252	2.63971
8.33467	1.09911	2.66409
8.40381	1.08601	2.68808
8.47295	1.07317	2.71172
8.54208	1.06057	2.73507
8.61122	1.04816	2.75818
8.68036	1.03591	2.78111
8.7495	1.02379	2.80391
8.81864	1.01179	2.82657
8.88778	0.999911	2.8491
8.95691	0.988157	2.87146
9.02605	0.976535	2.89366
9.09519	0.96505	2.91566
9.16433	0.953707	2.93746
9.23347	0.942511	2.95905
9.30261	0.931464	2.98041
9.37174	0.920568	3.00153
9.44088	0.909824	3.0224
9.51002	0.899231	3.04302
9.57916	0.888793	3.06338
9.6483	0.878508	3.08348
9.71743	0.868378	3.10329
9.78657	0.858401	3.12283
9.85571	0.848565	3.14211
9.92485	0.838859	3.16114
9.99399	0.829273	3.17995
10.0631	0.819794	3.19855
10.1323	0.810412	3.21696
10.2014	0.801116	3.2352
10.2705	0.791897	3.25327
10.3397	0.782758	3.27118
10.4088	0.773704	3.28891
10.478	0.764742	3.30644
10.5471	0.755876	3.32376
10.6162	0.747111	3.34087
10.6854	0.738455	3.35774
10.7545	0.729911	3.37437
10.8236	0.721485	3.39075
10.8928	0.713183	3.40685
10.9619	0.705011	3.42267
11.0311	0.696973	3.43821
11.1002	0.689076	3.45343
11.1693	0.681325	3.46833
11.2385	0.673724	3.48291
11.3076	0.666272	3.49716
11.3768	0.65896	3.51109
11.4459	0.65178	3.52473
11.515	0.644723	3.5381
11.5842	0.63778	3.55119
11.6533	0.630943	3.56404
11.7224	0.624203	3.57666
11.7916	0.617552	3.58906
11.8607	0.61098	3.60126
11.9299	0.60448	3.61328
11.999	0.598042	3.62514
12.0681	0.591659	3.63684
12.1373	0.585321	3.6484
12.2064	0.57902	3.65985
12.2756	0.572749	3.67118
12.3447	0.566511	3.68241
12.4138	0.560307	3.69353
12.483	0.55414	3.70452
12.5521	0.548014	3.71538
12.6212	0.54193	3.72612
12.6904	0.535891	3.73673
12.7595	0.529901	3.74719
12.8287	0.523961	3.75751
12.8978	0.518075	3.76767
12.9669	0.512245	3.77769
13.0361	0.506474	3.78754
13.1052	0.500764	3.79723
13.1743	0.495119	3.80675
13.2435	0.48954	3.8161
13.3126	0.484029	3.82527
13.3818	0.478585	3.83427
13.4509	0.473207	3.8431
13.52	0.467895	3.85176
13.5892	0.462649	3.86025
13.6583	0.457467	3.86858
13.7275	0.452349	3.87675
13.7966	0.447295	3.88476
13.8657	0.442303	3.89262
13.9349	0.437374	3.90032
14.004	0.432506	3.90786
14.0731	0.4277	3.91526
14.1423	0.422954	3.92251
14.2114	0.418268	3.92961
14.2806	0.413641	3.93657
14.3497	0.409073	3.94339
14.4188	0.404561	3.95008
14.488	0.400106	3.95663
14.5571	0.395705	3.96305
14.6263	0.391358	3.96934
14.6954	0.387063	3.97551
14.7645	0.38282	3.98156
14.8337	0.378627	3.98749
14.9028	0.374484	3.9933
14.9719	0.370388	3.999
15.0411	0.366339	4.0046
15.1102	0.362336	4.01009
15.1794	0.358378	4.01548
15.2485	0.354464	4.02077
15.3176	0.350592	4.02596
15.3868	0.346763	4.03106
15.4559	0.342976	4.03606
15.5251	0.339231	4.04097
15.5942	0.335528	4.04579
15.6633	0.331865	4.05052
15.7325	0.328243	4.05515
15.8016	0.324662	4.0597
15.8707	0.321121	4.06416
15.9399	0.317619	4.06853
16.009	0.314156	4.07282
16.0782	0.310732	4.07702
16.1473	0.307347	4.08114
16.2164	0.304	4.08518
16.2856	0.30069	4.08914
16.3547	0.297418	4.09302
16.4238	0.294182	4.09682
16.493	0.290983	4.10054
16.5621	0.287821	4.10418
16.6313	0.284694	4.10775
16.7004	0.281603	4.11125
16.7695	0.278547	4.11467
16.8387	0.275525	4.11802
16.9078	0.272538	4.1213
16.977	0.269584	4.12451
17.0461	0.266665	4.12765
17.1152	0.263778	4.13073
17.1844	0.260924	4.13373
17.2535	0.258103	4.13668
17.3226	0.255314	4.13956
17.3918	0.252556	4.14238
17.4609	0.24983	4.14513
17.5301	0.247135	4.14783
17.5992	0.24447	4.15046
17.6683	0.241835	4.15304
17.7375	0.239231	4.15556
17.8066	0.236655	4.15803
17.8758	0.234109	4.16044
17.9449	0.231591	4.16279
18.014	0.229102	4.1651
18.0832	0.22664	4.16735
18.1523	0.224207	4.16955
18.2214	0.2218	4.1717
18.2906	0.21942	4.17381
18.3597	0.217067	4.17587
18.4289	0.214739	4.17788
18.498	0.212437	4.17985
18.5671	0.210161	4.18178
18.6363	0.207909	4.18366
18.7054	0.205682	4.1855
18.7745	0.20348	4.1873
18.8437	0.201301	4.18907
18.9128	0.199145	4.19079
18.982	0.197012	4.19248
19.0511	0.194902	4.19414
19.1202	0.192815	4.19576
19.1894	0.190749	4.19734
19.2585	0.188705	4.1989
19.3277	0.186682	4.20042
19.3968	0.184679	4.20191
19.4659	0.182698	4.20338
19.5351	0.180736	4.20482
19.6042	0.178794	4.20623
19.6733	0.176871	4.20761
19.7425	0.174967	4.20898
19.8116	0.173081	4.21032
19.8808	0.171214	4.21163
19.9499	0.169364	4.21293
20.019	0.167532	4.21421
20.0882	0.165717	4.21547
20.1573	0.163919	4.21671
20.2265	0.162138	4.21793
20.2956	0.160374	4.21914
20.3647	0.158626	4.22032
20.4339	0.156895	4.22149
20.503	0.155181	4.22264
20.5721	0.153483	4.22377
20.6413	0.151801	4.22489
20.7104	0.150136	4.22599
20.7796	0.148486	4.22707
20.8487	0.146853	4.22813
20.9178	0.145236	4.22918
20.987	0.143634	4.23021
21.0561	0.142049	4.23122
21.1253	0.140479	4.23222
21.1944	0.138924	4.2332
21.2635	0.137385	4.23416
21.3327	0.135862	4.23511
21.4018	0.134354	4.23604
21.4709	0.13286	4.23696
21.5401	0.131382	4.23786
21.6092	0.129919	4.23874
21.6784	0.128471	4.23961
21.7475	0.127038	4.24046
21.8166	0.12562	4.2413
21.8858	0.124216	4.24212
21.9549	0.122826	4.24293
22.024	0.121451	4.24372
22.0932	0.12009	4.2445
22.1623	0.118744	4.24527
22.2315	0.117412	4.24602
22.3006	0.116094	4.24675
22.3697	0.114789	4.24747
22.4389	0.113499	4.24818
22.508	0.112222	4.24887
22.5772	0.110959	4.24955
22.6463	0.10971	4.25022
22.7154	0.108474	4.25087
22.7846	0.107251	4.25151
22.8537	0.106042	4.25213
22.9228	0.104846	4.25275
22.992	0.103663	4.25334
23.0611	0.102492	4.25393
23.1303	0.101335	4.25451
23.1994	0.100191	4.25507
23.2685	0.0990593	4.25562
23.3377	0.0979403	4.25615
23.4068	0.0968338	4.25668
23.476	0.0957397	4.25719
23.5451	0.0946579	4.25769
23.6142	0.0935884	4.25818
23.6834	0.092531	4.25866
23.7525	0.0914857	4.25912
23.8216	0.0904523	4.25958
23.8908	0.0894307	4.26002
23.9599	0.0884209	4.26045
24.0291	0.0874227	4.26087
24.0982	0.0864362	4.26128
24.1673	0.0854611	4.26168
24.2365	0.0844973	4.26207
24.3056	0.0835448	4.26245
24.3747	0.0826036	4.26282
24.4439	0.0816734	4.26318
24.513	0.0807542	4.26352
24.5822	0.0798458	4.26386
24.6513	0.0789483	4.26419
24.7204	0.0780615	4.26451
24.7896	0.0771853	4.26482
24.8587	0.0763196	4.26512
24.9279	0.0754644	4.26541
24.997	0.0746194	4.26569
25.0661	0.0737847	4.26596
25.1353	0.0729601	4.26623
25.2044	0.0721455	4.26648
25.2735	0.0713409	4.26673
25.3427	0.0705462	4.26697
25.4118	0.0697611	4.2672
25.481	0.0689858	4.26742
25.5501	0.06822	4.26764
25.6192	0.0674636	4.26784
25.6884	0.0667167	4.26804
25.7575	0.065979	4.26823
25.8267	0.0652504	4.26841
25.8958	0.064531	4.26859
25.9649	0.0638205	4.26876
26.0341	0.063119	4.26892
26.1032	0.0624262	4.26908
26.1723	0.0617421	4.26922
26.2415	0.0610666	4.26936
26.3106	0.0603997	4.2695
26.3798	0.0597411	4.26963
26.4489	0.0590909	4.26975
26.518	0.0584489	4.26987
26.5872	0.057815	4.26998
26.6563	0.0571892	4.27008
26.7255	0.0565712	4.27018
26.7946	0.0559612	4.27027
26.8637	0.0553588	4.27036
26.9329	0.0547642	4.27044
27.002	0.054177	4.27052
27.0711	0.0535974	4.27059
27.1403	0.0530251	4.27066
27.2094	0.05246	4.27072
27.2786	0.0519022	4.27078
27.3477	0.0513514	4.27083
27.4168	0.0508076	4.27088
27.486	0.0502707	4.27092
27.5551	0.0497405	4.27096
27.6242	0.0492171	4.271
27.6934	0.0487003	4.27103
27.7625	0.0481899	4.27106
27.8317	0.047686	4.27108
27.9008	0.0471884	4.2711
27.9699	0.046697	4.27112
28.0391	0.0462117	4.27114
28.1082	0.0457325	4.27115
28.1774	0.0452592	4.27116
28.2465	0.0447917	4.27116
28.3156	0.04433	4.27117
28.3848	0.0438739	4.27117
28.4539	0.0434234	4.27117
28.523	0.0429783	4.27116
28.5922	0.0425385	4.27116
28.6613	0.0421041	4.27115
28.7305	0.0416748	4.27114
28.7996	0.0412506	4.27113
28.8687	0.0408313	4.27112
28.9379	0.0404169	4.2711
29.007	0.0400074	4.27109
29.0762	0.0396025	4.27107
29.1453	0.0392022	4.27105
29.2144	0.0388064	4.27103
29.2836	0.038415	4.27101
29.3527	0.0380279	4.27099
29.4218	0.037645	4.27097
29.491	0.0372663	4.27095
29.5601	0.0368916	4.27093
29.6293	0.0365208	4.27091
29.6984	0.0361538	4.27089
29.7675	0.0357906	4.27087
29.8367	0.035431	4.27085
29.9058	0.0350749	4.27083
29.9749	0.0347223	4.27081
30.0441	0.0343731	4.27079
30.1132	0.0340271	4.27077
30.1824	0.0336845	4.27075
30.2515	0.0333451	4.27073
30.3206	0.0330089	4.27072
30.3898	0.032676	4.2707
30.4589	0.0323462	4.27069
30.5281	0.0320196	4.27067
30.5972	0.0316962	4.27066
30.6663	0.0313759	4.27065
30.7355	0.0310586	4.27064
30.8046	0.0307445	4.27063
30.8737	0.0304334	4.27062
30.9429	0.0301253	4.27061
31.012	0.0298203	4.2706
31.0812	0.0295182	4.27059
31.1503	0.0292191	4.27058
31.2194	0.0289229	4.27057
31.2886	0.0286296	4.27057
31.3577	0.0283393	4.27056
31.4269	0.0280517	4.27056
31.496	0.0277671	4.27055
31.5651	0.0274853	4.27055
31.6343	0.0272062	4.27054
31.7034	0.02693	4.27054
31.7725	0.0266565	4.27054
31.8417	0.0263857	4.27054
31.9108	0.0261176	4.27054
31.98	0.0258522	4.27054
32.0491	0.0255895	4.27054
32.1182	0.0253294	4.27054
32.1874	0.025072	4.27054
32.2565	0.0248171	4.27054
32.3257	0.0245648	4.27054
32.3948	0.0243151	4.27055
32.4639	0.0240678	4.27055
32.5331	0.0238231	4.27056
32.6022	0.0235809	4.27056
32.6713	0.0233411	4.27057
32.7405	0.0231037	4.27057
32.8096	0.0228688	4.27058
32.8788	0.0226362	4.27059
32.9479	0.022406	4.27059
33.017	0.0221781	4.2706
33.0862	0.0219526	4.27061
33.1553	0.0217294	4.27062
33.2244	0.0215084	4.27063
33.2936	0.0212897	4.27064
33.3627	0.0210732	4.27065
33.4319	0.0208589	4.27066
33.501	0.0206468	4.27067
33.5701	0.0204368	4.27069
33.6393	0.020229	4.2707
33.7084	0.0200233	4.27071
33.7776	0.0198197	4.27073
33.8467	0.0196181	4.27074
33.9158	0.0194186	4.27076
33.985	0.0192211	4.27077
34.0541	0.0190256	4.27079
34.1232	0.0188321	4.2708
34.1924	0.0186405	4.27082
34.2615	0.0184509	4.27084
34.3307	0.0182631	4.27085
34.3998	0.0180773	4.27087
34.4689	0.0178933	4.27089
34.5381	0.0177111	4.27091
34.6072	0.0175308	4.27093
34.6764	0.0173522	4.27095
34.7455	0.0171754	4.27097
34.8146	0.0170004	4.27099
34.8838	0.016827	4.27101
34.9529	0.0166554	4.27103
35.022	0.0164855	4.27105
35.0912	0.0163172	4.27107
35.1603	0.0161505	4.27109
35.2295	0.0159854	4.27111
35.2986	0.015822	4.27114
35.3677	0.01566	4.27116
35.4369	0.0154997	4.27118
35.506	0.0153408	4.27121
35.5752	0.0151834	4.27123
35.6443	0.0150275	4.27126
35.7134	0.014873	4.27128
35.7826	0.01472	4.27131
35.8517	0.0145684	4.27133
35.9208	0.0144181	4.27136
35.99	0.0142692	4.27138
36.0591	0.0141216	4.27141
36.1283	0.0139754	4.27144
36.1974	0.0138304	4.27146
36.2665	0.0136867	4.27149
36.3357	0.0135442	4.27152
36.4048	0.0134029	4.27155
36.4739	0.0132628	4.27157
36.5431	0.0131239	4.2716
36.6122	0.0129862	4.27163
36.6814	0.0128496	4.27166
36.7505	0.012714	4.27169
36.8196	0.0125796	4.27172
36.8888	0.0124462	4.27175
36.9579	0.0123138	4.27178
37.0271	0.0121825	4.27181
37.0962	0.0120521	4.27184
37.1653	0.0119227	4.27187
37.2345	0.0117943	4.2719
37.3036	0.0116667	4.27193
37.3727	0.0115401	4.27196
37.4419	0.0114143	4.27199
37.511	0.0112894	4.27202
37.5802	0.0111653	4.27205
37.6493	0.011042	4.27209
37.7184	0.0109195	4.27212
37.7876	0.0107977	4.27215
37.8567	0.0106767	4.27218
37.9259	0.0105564	4.27222
37.995	0.0104368	4.27225
38.0641	0.0103178	4.27228
38.1333	0.0101995	4.27231
38.2024	0.0100818	4.27235
38.2715	0.00996471	4.27238
38.3407	0.00984819	4.27241
38.4098	0.00973222	4.27245
38.479	0.00961677	4.27248
38.5481	0.00950183	4.27251
38.6172	0.00938738	4.27255
38.6864	0.00927338	4.27258
38.7555	0.00915982	4.27262
38.8246	0.00904667	4.27265
38.8938	0.00893391	4.27268
38.9629	0.00882151	4.27272
39.0321	0.00870947	4.27275
39.1012	0.00859774	4.27279
39.1703	0.00848631	4.27282
39.2395	0.00837516	4.27286
39.3086	0.00826426	4.27289
39.3778	0.00815359	4.27293
39.4469	0.00804312	4.27296
39.516	0.00793284	4.273
39.5852	0.00782272	4.27303
39.6543	0.00771274	4.27307
39.7234	0.00760287	4.2731
39.7926	0.0074931	4.27314
39.8617	0.00738339	4.27317
39.9309	0.00727373	4.27321
40.0000	0.00716409	4.27324
