% Ag Density=10.5
% Energy(eV), Delta, Beta
  2000.  0.000419879827  7.22261975E-05
  2010.8833  0.000415193761  7.0882983E-05
  2021.82605  0.000410559791  6.95647395E-05
  2032.82837  0.000405973813  6.8263158E-05
  2043.89026  0.000401437428  6.6982524E-05
  2055.01245  0.000396951684  6.57259152E-05
  2066.19531  0.000392502523  6.44909305E-05
  2077.43896  0.000388098502  6.32785668E-05
  2088.74365  0.000383743813  6.20889914E-05
  2100.11011  0.000379425794  6.09212948E-05
  2111.53809  0.000375152915  5.97754297E-05
  2123.02881  0.000370927941  5.86510541E-05
  2134.58154  0.000366739027  5.75478916E-05
  2146.19727  0.000362594845  5.64654729E-05
  2157.87622  0.000358497346  5.5403405E-05
  2169.6189  0.000354434218  5.43610622E-05
  2181.42529  0.000350415299  5.33383027E-05
  2193.2959  0.00034644187  5.23347917E-05
  2205.2312  0.000342501065  5.1350482E-05
  2217.23145  0.000338603713  5.03846823E-05
  2229.29688  0.000334750657  4.94370943E-05
  2241.42822  0.000330928335  4.85064775E-05
  2253.62549  0.000327148911  4.75933339E-05
  2265.88892  0.000323412591  4.66973943E-05
  2278.21924  0.000319704821  4.58183204E-05
  2290.61646  0.000316039455  4.49558102E-05
  2303.08154  0.000312415214  4.41094708E-05
  2315.61426  0.000308818271  4.32790002E-05
  2328.21509  0.000305262598  4.24641694E-05
  2340.88452  0.000301746419  4.16646726E-05
  2353.6228  0.000298257131  4.08802698E-05
  2366.43066  0.00029480792  4.01106263E-05
  2379.30811  0.000291396427  3.93554437E-05
  2392.25562  0.000288010662  3.86144966E-05
  2405.27344  0.000284664042  3.78875047E-05
  2418.3623  0.000281353336  3.71742281E-05
  2431.52246  0.000278067717  3.64745138E-05
  2444.75391  0.000274820341  3.57879799E-05
  2458.05762  0.000271606899  3.5114379E-05
  2471.43359  0.000268417469  3.44534965E-05
  2484.88232  0.000265265262  3.38050741E-05
  2498.40454  0.00026214504  3.31689153E-05
  2512.  0.000259047869  3.25449291E-05
  2525.66968  0.000255987019  3.19326718E-05
  2539.41357  0.000252956146  3.13319761E-05
  2553.23242  0.000249947305  3.07426453E-05
  2567.12622  0.000246973999  3.01644304E-05
  2581.0957  0.000244028502  2.95971768E-05
  2595.14136  0.000241104106  2.90407461E-05
  2609.26343  0.000238214416  2.8494771E-05
  2623.46216  0.000235350017  2.79591222E-05
  2637.73828  0.000232505598  2.74336107E-05
  2652.09229  0.000229695113  2.69179563E-05
  2666.52393  0.000226907359  2.64121882E-05
  2681.03467  0.000224138683  2.59161243E-05
  2695.62378  0.000221403476  2.54293936E-05
  2710.29248  0.000218687623  2.49519562E-05
  2725.0415  0.00021598977  2.44836465E-05
  2739.87012  0.000213324805  2.40241425E-05
  2754.77979  0.000210675527  2.35732969E-05
  2769.77026  0.000208043479  2.31309823E-05
  2784.84277  0.000205443634  2.26969678E-05
  2799.99707  0.000202855124  2.22712588E-05
  2815.23364  0.000200282739  2.18536679E-05
  2830.55347  0.000197742222  2.14439024E-05
  2845.95654  0.000195207438  2.10420585E-05
  2861.44336  0.000192687759  2.06478908E-05
  2877.0144  0.000190199731  2.02611191E-05
  2892.67041  0.000187710277  1.98817652E-05
  2908.41162  0.000185234938  1.95096018E-05
  2924.23828  0.000182791206  1.91444087E-05
  2940.15088  0.000180336632  1.87862643E-05
  2956.15063  0.000177895286  1.84348919E-05
  2972.23682  0.000175485722  1.80901097E-05
  2988.41089  0.000173051754  1.77520378E-05
  3004.6731  0.000170630097  1.74203415E-05
  3021.02344  0.000168240746  1.70948751E-05
  3037.46313  0.000165806865  1.67757371E-05
  3053.99194  0.000163384742  1.64626344E-05
  3070.61108  0.000160995682  1.6155398E-05
  3087.32031  0.000158530296  1.58540897E-05
  3104.12085  0.00015607645  1.55584621E-05
  3121.01245  0.000153657005  1.52683315E-05
  3137.99585  0.000151105414  1.49838925E-05
  3155.07227  0.000148565625  1.47047676E-05
  3172.24121  0.000146063117  1.44308478E-05
  3189.50342  0.00014331362  1.41623304E-05
  3206.85986  0.000140578675  1.3898818E-05
  3224.31055  0.000137886324  1.36402277E-05
  3241.85645  0.000134641086  1.33867334E-05
  3259.49756  0.000131421708  1.31379666E-05
  3277.23486  0.000128256463  1.28938409E-05
  3295.0686  0.000122926125  1.2654501E-05
  3312.99951  0.000117692354  1.24196195E-05
  3331.02783  0.000111027097  1.21890844E-05
  3349.1543  6.95274211E-05  1.19628958E-05
  3367.37939  8.88678696E-05  3.83068618E-05
  3385.70361  0.000112728972  3.75851887E-05
  3404.12769  0.000113747235  3.68772889E-05
  3422.6521  0.000114730741  3.61826787E-05
  3441.2771  0.000115402348  3.55012744E-05
  3478.83179  0.000112978661  3.41775813E-05
  3497.76245  0.0001094775  3.35343029E-05
  3516.79639  9.5034251E-05  3.29030554E-05
  3535.93384  9.94921065E-05  4.42179589E-05
  3555.17529  0.000111300375  4.33857458E-05
  3574.52148  0.000112190181  4.25693361E-05
  3593.9729  0.000113048161  4.17682204E-05
  3613.53052  0.000113624941  4.09821769E-05
  3633.19385  0.000113469003  4.02109508E-05
  3652.96484  0.000113303329  3.94541676E-05
  3672.84326  0.000113001457  3.87115069E-05
  3692.82983  0.000112404661  3.7982365E-05
  3712.92505  0.000111807502  3.72670183E-05
  3733.12964  0.000110931287  3.65652741E-05
  3753.44409  0.00010953896  3.58771395E-05
  3773.86963  0.000108163717  3.52018942E-05
  3794.40576  0.000104164021  3.45392982E-05
  3815.05371  0.000101445767  3.88513472E-05
  3835.81421  0.000105198247  3.81407081E-05
  3856.6875  0.000107205291  3.74430529E-05
  3877.67456  0.000107014581  3.67580142E-05
  3898.77588  0.000106815503  3.6085512E-05
  3919.9917  0.000106475862  3.54245421E-05
  3941.323  0.000105987485  3.47747373E-05
  3962.77075  0.000105497114  3.41368977E-05
  3984.33496  0.000104942745  3.35088735E-05
  4006.01636  0.000104330975  3.28907518E-05
  4027.81641  0.000103720231  3.22839842E-05
  4049.73413  0.000103068654  3.16876976E-05
  4071.77173  0.000102386752  3.11018848E-05
  4093.9292  0.00010170765  3.05268659E-05
  4116.20703  0.000100999816  2.99611456E-05
  4138.60596  0.000100275349  2.94049969E-05
  4161.12744  9.95546579E-05  2.88591982E-05
  4183.771  9.88117972E-05  2.83223908E-05
  4206.5376  9.80594705E-05  2.77949694E-05
  4229.42871  9.73117931E-05  2.72773977E-05
  4252.44385  9.65469226E-05  2.676851E-05
  4275.58398  9.57776138E-05  2.62687518E-05
  4298.85107  9.50136528E-05  2.5778274E-05
  4322.24414  9.42364713E-05  2.52961636E-05
  4345.76465  9.34585041E-05  2.48227389E-05
  4369.41309  9.26863504E-05  2.43581762E-05
  4393.18994  9.19031954E-05  2.39006713E-05
  4417.09619  9.1121532E-05  2.34512718E-05
  4441.13281  9.03459731E-05  2.30103524E-05
  4465.30029  8.95614794E-05  2.25769145E-05
  4489.59912  8.87801725E-05  2.21515165E-05
  4514.02979  8.80053412E-05  2.17341021E-05
  4538.59424  8.72234523E-05  2.13236726E-05
  4563.29199  8.64461472E-05  2.09209011E-05
  4588.12402  8.5675485E-05  2.05257093E-05
  4613.09082  8.48992058E-05  2.0136953E-05
  4638.19385  8.41285291E-05  1.97554236E-05
  4663.43408  8.33645827E-05  1.93811175E-05
  4688.81104  8.25962197E-05  1.90130704E-05
  4714.32568  8.18342523E-05  1.86519428E-05
  4739.97998  8.10790516E-05  1.82976983E-05
  4765.77393  8.0320453E-05  1.79493945E-05
  4791.70752  7.95687592E-05  1.76077483E-05
  4817.78271  7.88235702E-05  1.72725431E-05
  4844.  7.80765695E-05  1.69429586E-05
  4870.35938  7.733651E-05  1.66196896E-05
  4896.8623  7.66026715E-05  1.63024997E-05
  4923.50977  7.58683018E-05  1.59906958E-05
  4950.30225  7.51408734E-05  1.56848328E-05
  4977.24023  7.4419404E-05  1.53847559E-05
  5004.32471  7.36986913E-05  1.50898068E-05
  5031.55664  7.29848471E-05  1.48005356E-05
  5058.93701  7.22767145E-05  1.45166869E-05
  5086.46631  7.15700735E-05  1.42378303E-05
  5114.14551  7.08702501E-05  1.3964348E-05
  5141.9751  7.0176E-05  1.36959861E-05
  5169.95605  6.94841001E-05  1.343238E-05
  5198.08984  6.87989523E-05  1.31738207E-05
  5226.37598  6.81191887E-05  1.29201071E-05
  5254.81641  6.74422918E-05  1.2670911E-05
  5283.41162  6.67720742E-05  1.24265016E-05
  5312.1626  6.61070735E-05  1.21866997E-05
  5341.06982  6.54455143E-05  1.19512215E-05
  5370.13428  6.47905399E-05  1.17203135E-05
  5399.35693  6.41406805E-05  1.14936856E-05
  5428.73877  6.34946482E-05  1.12711332E-05
  5458.28027  6.28550843E-05  1.10529063E-05
  5487.98291  6.22204534E-05  1.08387658E-05
  5517.84668  6.15898898E-05  1.06286034E-05
  5547.87305  6.09657E-05  1.0422501E-05
  5578.06299  6.03463523E-05  1.02202266E-05
  5608.41699  5.97314101E-05  1.00216266E-05
  5638.93652  5.91227072E-05  9.82688744E-06
  5669.62207  5.85187372E-05  9.63581351E-06
  5700.47412  5.79193802E-05  9.44829753E-06
  5731.49512  5.73261095E-05  9.26444136E-06
  5762.68408  5.67375318E-05  9.08400034E-06
  5794.04248  5.61537054E-05  8.90695264E-06
  5825.57178  5.55758706E-05  8.73334011E-06
  5857.27295  5.50025325E-05  8.56295082E-06
  5889.14697  5.44339855E-05  8.39577024E-06
  5921.19336  5.38713284E-05  8.23184564E-06
  5953.41553  5.33130806E-05  8.07098513E-06
  5985.81152  5.27597695E-05  7.91316779E-06
  6018.38477  5.221217E-05  7.75844819E-06
  6051.13525  5.16689252E-05  7.60659532E-06
  6084.06348  5.11306171E-05  7.45763964E-06
  6117.17139  5.05978969E-05  7.31161117E-06
  6150.45947  5.00694441E-05  7.16828936E-06
  6183.92871  4.95459462E-05  7.02772559E-06
  6217.57959  4.90279235E-05  6.88990895E-06
  6251.41406  4.8514059E-05  6.75467345E-06
  6285.43164  4.80051567E-05  6.62206367E-06
  6319.63525  4.75015804E-05  6.49204503E-06
  6354.0249  4.70020896E-05  6.36446111E-06
  6388.60156  4.65075245E-05  6.23933875E-06
  6423.3667  4.60181473E-05  6.11668656E-06
  6458.3208  4.553279E-05  5.99627401E-06
  6493.46484  4.50523112E-05  5.87820841E-06
  6528.80029  4.45769001E-05  5.76245839E-06
  6564.32861  4.41053926E-05  5.64890206E-06
  6600.04932  4.36387127E-05  5.53758218E-06
  6635.96533  4.31769622E-05  5.428446E-06
  6672.07617  4.27190935E-05  5.32133436E-06
  6708.38379  4.22659796E-05  5.21631591E-06
  6744.88867  4.18176714E-05  5.11336975E-06
  6781.59229  4.1373125E-05  5.01236718E-06
  6818.49561  4.09332606E-05  4.91334777E-06
  6855.6001  4.04980638E-05  4.81629104E-06
  6892.90625  4.00665158E-05  4.72098236E-06
  6930.41553  3.96395662E-05  4.6275668E-06
  6968.12891  3.92171278E-05  4.53599159E-06
  7006.04736  3.87983673E-05  4.44618263E-06
  7044.17236  3.83840779E-05  4.35815946E-06
  7082.50439  3.79741468E-05  4.27186433E-06
  7121.04492  3.75679047E-05  4.18719173E-06
  7159.7959  3.71660026E-05  4.10419034E-06
  7198.75781  3.67682987E-05  4.02283194E-06
  7237.93066  3.63742292E-05  3.94302015E-06
  7277.31738  3.59843725E-05  3.86479087E-06
  7316.91895  3.55985867E-05  3.78810887E-06
  7356.73535  3.52164425E-05  3.71289229E-06
  7396.76855  3.48383946E-05  3.63917479E-06
  7437.01953  3.44642795E-05  3.56689702E-06
  7477.48926  3.40937258E-05  3.49599577E-06
  7518.17969  3.37271522E-05  3.42649764E-06
  7559.0918  3.33643766E-05  3.35835966E-06
  7600.22607  3.30051262E-05  3.29152294E-06
  7641.58447  3.26497393E-05  3.22601113E-06
  7683.16748  3.22980231E-05  3.16179376E-06
  7724.97705  3.19497231E-05  3.09881716E-06
  7767.01416  3.1605181E-05  3.03709953E-06
  7809.27979  3.12642151E-05  2.97660313E-06
  7851.77588  3.09266652E-05  2.91730339E-06
  7894.50244  3.05927679E-05  2.85919054E-06
  7937.4624  3.02622975E-05  2.80219069E-06
  7980.65576  2.99351377E-05  2.74626996E-06
  8024.08398  2.9611514E-05  2.6914613E-06
  8067.74902  2.92912482E-05  2.63774427E-06
  8111.65137  2.89742766E-05  2.58510227E-06
  8155.79199  2.86607356E-05  2.53350731E-06
  8200.17383  2.83504087E-05  2.48291644E-06
  8244.79688  2.80432523E-05  2.43330078E-06
  8289.66211  2.77394302E-05  2.38468101E-06
  8334.77246  2.74387367E-05  2.33702349E-06
  8380.12793  2.71411682E-05  2.29031457E-06
  8425.72949  2.68468284E-05  2.24454357E-06
  8471.58008  2.65555263E-05  2.19965318E-06
  8517.67969  2.62672729E-05  2.15564205E-06
  8564.03027  2.59821463E-05  2.11250813E-06
  8610.63379  2.56999792E-05  2.07022913E-06
  8657.49121  2.54207807E-05  2.0287855E-06
  8704.60254  2.5144629E-05  1.9881727E-06
  8751.9707  2.48713113E-05  1.94834729E-06
  8799.5957  2.46008804E-05  1.90930245E-06
  8847.48047  2.43333889E-05  1.8710432E-06
  8895.62598  2.40686586E-05  1.83354302E-06
  8944.03223  2.38067532E-05  1.79679625E-06
  8992.70312  2.35476909E-05  1.76078288E-06
  9041.63965  2.32913335E-05  1.72549005E-06
  9090.84082  2.30377354E-05  1.69090822E-06
  9140.31152  2.27868913E-05  1.65701636E-06
  9190.0498  2.25386702E-05  1.6237708E-06
  9240.05957  2.22931194E-05  1.59117985E-06
  9290.3418  2.20502388E-05  1.55924556E-06
  9340.89648  2.18098558E-05  1.52792916E-06
  9391.72754  2.15720574E-05  1.49723712E-06
  9442.83398  2.13368548E-05  1.46716468E-06
  9494.21875  2.11040951E-05  1.43769978E-06
  9545.88379  2.08738584E-05  1.40883014E-06
  9597.83008  2.06461282E-05  1.38053781E-06
  9650.05859  2.04208063E-05  1.35280459E-06
  9702.57129  2.01979346E-05  1.32562525E-06
  9755.37012  1.99774913E-05  1.29899195E-06
  9808.45508  1.97593399E-05  1.27286125E-06
  9861.83105  1.95435532E-05  1.24725193E-06
  9915.49609  1.93301312E-05  1.22216068E-06
  9969.45312  1.91189411E-05  1.19757317E-06
  10023.7031  1.8910061E-05  1.17348247E-06
  10078.25  1.87034548E-05  1.1498737E-06
  10133.0928  1.84990149E-05  1.12673433E-06
  10188.2344  1.82968124E-05  1.10406268E-06
  10243.6748  1.80968163E-05  1.08184497E-06
  10299.418  1.78989321E-05  1.06006553E-06
  10355.4648  1.77032089E-05  1.03872276E-06
  10411.8164  1.75096175E-05  1.01781097E-06
  10468.4746  1.73180761E-05  9.97311872E-07
  10525.4414  1.71286301E-05  9.77225909E-07
  10582.7168  1.69412506E-05  9.57545353E-07
  10640.3057  1.67558665E-05  9.38253777E-07
  10698.207  1.65725087E-05  9.19352772E-07
  10756.4229  1.639115E-05  9.00829605E-07
  10814.957  1.62117231E-05  8.82673874E-07
  10873.8076  1.60342661E-05  8.64885919E-07
  10932.9805  1.58587318E-05  8.47453862E-07
  10992.4746  1.56850783E-05  8.30371334E-07
  11052.292  1.55133275E-05  8.13632084E-07
  11112.4355  1.5343443E-05  7.97229177E-07
  11172.9062  1.51753866E-05  7.8115005E-07
  11233.7051  1.50091719E-05  7.65396635E-07
  11294.8359  1.48447607E-05  7.49958417E-07
  11356.2998  1.46821203E-05  7.34828916E-07
  11418.0977  1.45212643E-05  7.20006142E-07
  11480.2314  1.43621501E-05  7.05480659E-07
  11542.7041  1.42047475E-05  6.91248545E-07
  11605.5156  1.40490693E-05  6.77302637E-07
  11668.6689  1.38950872E-05  6.63636456E-07
  11732.166  1.37427733E-05  6.50244999E-07
  11796.0088  1.35921291E-05  6.3712281E-07
  11860.2002  1.34431202E-05  6.24264374E-07
  11924.7402  1.32957266E-05  6.11662244E-07
  11989.6309  1.31499537E-05  5.99315797E-07
  12054.874  1.30057606E-05  5.87217869E-07
  12120.4736  1.28631245E-05  5.75364083E-07
  12186.4297  1.27220574E-05  5.63750916E-07
  12252.7451  1.25825127E-05  5.52367794E-07
  12319.4209  1.24444841E-05  5.41212955E-07
  12386.459  1.23079699E-05  5.30282705E-07
  12453.8633  1.21729399E-05  5.19574598E-07
  12521.6328  1.20393879E-05  5.09082497E-07
  12589.7725  1.19072965E-05  4.98802308E-07
  12658.2822  1.17766394E-05  4.88729029E-07
  12727.1641  1.16474084E-05  4.78857658E-07
  12796.4219  1.15195926E-05  4.69186546E-07
  12866.0566  1.13931565E-05  4.59710094E-07
  12936.0693  1.12681E-05  4.50426E-07
  13006.4639  1.11444151E-05  4.41328865E-07
  13077.2422  1.10220717E-05  4.32412435E-07
  13148.4043  1.09010707E-05  4.23676113E-07
  13219.9531  1.07813967E-05  4.15115778E-07
  13291.8926  1.06630177E-05  4.06730209E-07
  13364.2236  1.05459339E-05  3.98513777E-07
  13436.9482  1.04301344E-05  3.9046418E-07
  13510.0684  1.03155871E-05  3.825742E-07
  13583.5859  1.02022941E-05  3.74843381E-07
  13657.5029  1.0090248E-05  3.67269649E-07
  13731.8242  9.97940242E-06  3.59849764E-07
  13806.5479  9.86977375E-06  3.52580884E-07
  13881.6797  9.76134652E-06  3.45458375E-07
  13957.2188  9.65409981E-06  3.3847823E-07
  14033.1709  9.54802636E-06  3.31638432E-07
  14109.5352  9.44311978E-06  3.24937076E-07
  14186.3145  9.33934825E-06  3.18372372E-07
  14263.5127  9.23671269E-06  3.11939857E-07
  14341.1299  9.13520762E-06  3.05638139E-07
  14419.1699  9.03478849E-06  2.99461732E-07
  14497.6357  8.93547349E-06  2.93410324E-07
  14576.5273  8.83724988E-06  2.87481981E-07
  14655.8486  8.74008037E-06  2.81674517E-07
  14735.6016  8.64397953E-06  2.7598503E-07
  14815.7881  8.54893369E-06  2.70410169E-07
  14896.4111  8.4549165E-06  2.64947374E-07
  14977.4736  8.36192976E-06  2.59594657E-07
  15058.9766  8.26996438E-06  2.54350056E-07
  15140.9229  8.17898854E-06  2.49212121E-07
  15223.3154  8.08901405E-06  2.44177755E-07
  15306.1562  8.00002363E-06  2.39245594E-07
  15389.4482  7.91198636E-06  2.34412283E-07
  15473.1924  7.82491952E-06  2.29677241E-07
  15557.3936  7.73880402E-06  2.25037553E-07
  15642.0518  7.65361983E-06  2.204916E-07
  15727.1719  7.56937197E-06  2.16037989E-07
  15812.7539  7.48604316E-06  2.11674319E-07
  15898.8027  7.40360747E-06  2.07399808E-07
  15985.3193  7.32207945E-06  2.03211457E-07
  16072.3057  7.24144184E-06  1.99108229E-07
  16159.7676  7.16167096E-06  1.95087708E-07
  16247.7031  7.08278185E-06  1.91148914E-07
  16336.1191  7.00474766E-06  1.87289515E-07
  16425.0156  6.92755384E-06  1.83508376E-07
  16514.3965  6.8512104E-06  1.7980399E-07
  16604.2617  6.77569324E-06  1.76174268E-07
  16694.6191  6.70098234E-06  1.72618087E-07
  16785.4648  6.62709772E-06  1.69133628E-07
  16876.8066  6.55401254E-06  1.65719698E-07
  16968.6445  6.48171863E-06  1.62375272E-07
  17060.9844  6.41021961E-06  1.59098164E-07
  17153.8242  6.33948821E-06  1.55887804E-07
  17247.1719  6.26951169E-06  1.5274226E-07
  17341.0234  6.2003096E-06  1.49660636E-07
  17435.3887  6.13185011E-06  1.4664144E-07
  17530.2676  6.0641305E-06  1.43683678E-07
  17625.6621  5.99715759E-06  1.40785971E-07
  17721.5762  5.93089453E-06  1.37946671E-07
  17818.0117  5.86534043E-06  1.35165038E-07
  17914.9727  5.80050983E-06  1.32439411E-07
  18012.4609  5.73636771E-06  1.29768907E-07
  18110.4785  5.67291818E-06  1.2715266E-07
  18209.0293  5.61016986E-06  1.24589107E-07
  18308.1191  5.54807639E-06  1.22078077E-07
  18407.7461  5.48665048E-06  1.19617894E-07
  18507.916  5.42590442E-06  1.17207627E-07
  18608.6309  5.36578909E-06  1.14845825E-07
  18709.8926  5.30632269E-06  1.1253195E-07
  18811.707  5.2475134E-06  1.10264637E-07
  18914.0742  5.18930801E-06  1.08043537E-07
  19017.  5.13173063E-06  1.05867606E-07
  19120.4844  5.07479172E-06  1.03735474E-07
  19224.5332  5.01842669E-06  1.0164684E-07
  19329.1465  4.96267103E-06  9.96003138E-08
  19434.3301  4.90753519E-06  9.75952759E-08
  19540.0859  4.85294277E-06  9.56310586E-08
  19646.418  4.79894243E-06  9.37066105E-08
  19753.3281  4.74554281E-06  9.18211782E-08
  19860.8184  4.6926566E-06  8.99737955E-08
  19968.8965  4.6403452E-06  8.81638584E-08
  20077.5605  4.58861814E-06  8.63901946E-08
  20186.8164  4.5373713E-06  8.46528323E-08
  20296.6699  4.48668607E-06  8.29504359E-08
  20407.1152  4.43656882E-06  8.12824439E-08
  20518.166  4.38689676E-06  7.96483519E-08
  20629.8203  4.33777495E-06  7.80471154E-08
  20742.0801  4.2892043E-06  7.64783579E-08
  20854.9531  4.241037E-06  7.49416174E-08
  20968.4414  4.19340995E-06  7.34358778E-08
  21082.5449  4.14631086E-06  7.19606632E-08
  21197.2695  4.0995883E-06  7.05154264E-08
  21312.6191  4.05339188E-06  6.90994568E-08
  21428.5957  4.00769795E-06  6.77119658E-08
  21545.2051  3.96234645E-06  6.63529178E-08
  21662.4473  3.917507E-06  6.50211831E-08
  21780.3262  3.87314503E-06  6.37164348E-08
  21898.8496  3.82908684E-06  6.24380831E-08
  22018.0176  3.78552818E-06  6.11854958E-08
  22137.832  3.74241654E-06  5.99583316E-08
  22258.3008  3.69956274E-06  5.87560471E-08
  22379.4238  3.6571987E-06  5.75780845E-08
  22501.2051  3.61524235E-06  5.6423854E-08
  22623.6504  3.57349609E-06  5.52931176E-08
  22746.7617  3.53223027E-06  5.41852501E-08
  22870.543  3.49131915E-06  5.30997077E-08
  22994.9961  3.45054627E-06  5.20363699E-08
  23120.1309  3.41024497E-06  5.09943376E-08
  23245.9434  3.37022493E-06  4.99734973E-08
  23372.4395  3.33024468E-06  4.89733694E-08
  23499.627  3.29073418E-06  4.79933711E-08
  23627.5039  3.25137921E-06  4.70332537E-08
  23756.0781  3.21191169E-06  4.60925129E-08
  23885.3516  3.17291892E-06  4.51707898E-08
  24015.3301  3.13384066E-06  4.42676473E-08
  24146.0137  3.09438838E-06  4.33829435E-08
  24277.4082  3.05542198E-06  4.2515957E-08
  24409.5195  3.01580826E-06  4.16665493E-08
  24542.3496  2.97524389E-06  4.08344718E-08
  24675.9023  2.93520293E-06  4.00190636E-08
  24810.1797  2.89255627E-06  3.92202537E-08
  24945.1914  2.84710973E-06  3.84375767E-08
  25080.9336  2.80231075E-06  3.76707092E-08
  25217.416  2.66949314E-06  3.69191184E-08
  25354.6426  2.45859064E-06  3.61825734E-08
  25492.6172  2.25196231E-06  3.54608964E-08
  25631.3379  2.57877764E-06  2.17954337E-07
  25770.8164  2.60061211E-06  2.13797875E-07
  25911.0547  2.62168351E-06  2.09720454E-07
  26052.0547  2.62066965E-06  2.05714613E-07
  26193.8223  2.60579282E-06  2.01780921E-07
  26336.3613  2.59093167E-06  1.97922532E-07
  26479.6777  2.57278589E-06  1.94132383E-07
  26623.7715  2.55299256E-06  1.90411541E-07
  26768.6504  2.53332496E-06  1.86762392E-07
  26914.3164  2.51229335E-06  1.83177036E-07
  27060.7773  2.4907747E-06  1.79658002E-07
  27208.0352  2.46942682E-06  1.76206939E-07
  27356.0918  2.4473718E-06  1.72816158E-07
  27504.9551  2.42519764E-06  1.69488942E-07
  27654.6289  2.40321742E-06  1.66225618E-07
  27805.1191  2.38083794E-06  1.63019564E-07
  27956.4238  2.35850052E-06  1.59873679E-07
  28108.5566  2.33636729E-06  1.56788531E-07
  28261.5156  2.31400759E-06  1.53757895E-07
  28415.3066  2.29177022E-06  1.50784601E-07
  28569.9336  2.26974248E-06  1.47869144E-07
  28725.4023  2.24760174E-06  1.45004535E-07
  28881.7168  2.22562608E-06  1.42194935E-07
  29038.8828  2.203863E-06  1.39439621E-07
  29196.9043  2.18215814E-06  1.36732751E-07
  29355.7852  2.16065064E-06  1.34078277E-07
  29515.5312  2.13935346E-06  1.31475204E-07
  29676.1465  2.1174576E-06  1.28917975E-07
  29837.6348  2.09574932E-06  1.264102E-07
  30000.002  2.07426297E-06  1.23951438E-07