2000.  0.000469876308  7.89742335E-05
  2010.8833  0.000464620825  7.75450317E-05
  2021.82605  0.0004594239  7.61416668E-05
  2032.82837  0.00045428687  7.47418671E-05
  2043.89026  0.000449208135  7.3358322E-05
  2055.01245  0.000444186095  7.20003809E-05
  2066.19531  0.000439198106  7.06629144E-05
  2077.43896  0.000434258487  6.93487455E-05
  2088.74365  0.000429374311  6.8059031E-05
  2100.11011  0.000424527505  6.67912973E-05
  2111.53809  0.000419730466  6.55466501E-05
  2123.02881  0.000414987386  6.43251042E-05
  2134.58154  0.000410281646  6.3124804E-05
  2146.19727  0.000405625702  6.19465427E-05
  2157.87622  0.000401022378  6.0790273E-05
  2169.6189  0.000396454503  5.96518621E-05
  2181.42529  0.000391936075  5.85342132E-05
  2193.2959  0.000387469016  5.74375154E-05
  2205.2312  0.000383033039  5.63575013E-05
  2217.23145  0.000378645753  5.52973761E-05
  2229.29688  0.000374308642  5.42572416E-05
  2241.42822  0.000370000198  5.32345075E-05
  2253.62549  0.000365740241  5.22309565E-05
  2265.88892  0.00036152915  5.12463339E-05
  2278.21924  0.000357344368  5.02773582E-05
  2290.61646  0.000353207783  4.93266889E-05
  2303.08154  0.000349117734  4.83938238E-05
  2315.61426  0.000345051929  4.74757326E-05
  2328.21509  0.000341033243  4.65750782E-05
  2340.88452  0.000337058998  4.56912421E-05
  2353.6228  0.000333108357  4.48214996E-05
  2366.43066  0.000329203671  4.3968299E-05
  2379.30811  0.000325340981  4.313096E-05
  2392.25562  0.00032150012  4.23072888E-05
  2405.27344  0.000317704282  4.14993447E-05
  2418.3623  0.000313948054  4.07063817E-05
  2431.52246  0.00031021281  3.99264864E-05
  2444.75391  0.000306521717  3.91615395E-05
  2458.05762  0.000302867236  3.84106825E-05
  2471.43359  0.000299231324  3.76721655E-05
  2484.88232  0.000295638602  3.69478803E-05
  2498.40454  0.000292079814  3.62368301E-05
  2512.  0.000288538751  3.55375487E-05
  2525.66968  0.000285040034  3.48517606E-05
  2539.41357  0.000281571905  3.4178458E-05
  2553.23242  0.000278119289  3.3516415E-05
  2567.12622  0.000274708436  3.28672177E-05
  2581.0957  0.000271324563  3.22298292E-05
  2595.14136  0.000267954892  3.16033475E-05
  2609.26343  0.000264626375  3.09890456E-05
  2623.46216  0.000261320063  3.03857996E-05
  2637.73828  0.000258025539  2.97929128E-05
  2652.09229  0.000254771585  2.92115747E-05
  2666.52393  0.00025153454  2.86405575E-05
  2681.03467  0.000248307217  2.80793447E-05
  2695.62378  0.000245120347  2.75291459E-05
  2710.29248  0.000241943446  2.69886878E-05
  2725.0415  0.000238773937  2.64577175E-05
  2739.87012  0.00023564478  2.59372118E-05
  2754.77979  0.000232516482  2.54257975E-05
  2769.77026  0.000229392783  2.49234727E-05
  2784.84277  0.000226309377  2.44310668E-05
  2799.99707  0.000223214389  2.39473011E-05
  2815.23364  0.000220120346  2.34722866E-05
  2830.55347  0.000217067063  2.30066908E-05
  2845.95654  0.000213984706  2.25490094E-05
  2861.44336  0.000210899016  2.20995771E-05
  2877.0144  0.000207855031  2.16591179E-05
  2892.67041  0.00020475476  2.12260638E-05
  2908.41162  0.000201645249  2.08009424E-05
  2924.23828  0.000198579  2.03843374E-05
  2940.15088  0.000195411922  1.9974872E-05
  2956.15063  0.000192227119  1.957309E-05
  2972.23682  0.00018908846  1.91794115E-05
  2988.41089  0.00018576601  1.87922724E-05
  3004.6731  0.000182412186  1.8412431E-05
  3021.02344  0.000179109411  1.80403022E-05
  3037.46313  0.000175436056  1.7674196E-05
  3053.99194  0.000171703927  1.73151147E-05
  3070.61108  0.000168032231  1.69633604E-05
  3087.32031  0.000163398247  1.66171722E-05
  3104.12085  0.000158629075  1.62777487E-05
  3121.01245  0.000153943372  1.59452338E-05
  3137.99585  0.000129992142  1.56195565E-05
  3155.07227  0.000103607468  1.53005021E-05
  3172.24121  7.77773384E-05  1.49879716E-05
  3189.50342  0.000109437533  5.02517323E-05
  3206.85986  0.000125722509  4.92982581E-05
  3224.31055  0.000141640121  4.83629447E-05
  3241.85645  0.000142350094  4.74449334E-05
  3259.49756  0.00014232492  4.654433E-05
  3277.23486  0.000142283388  4.56608832E-05
  3295.0686  0.000131170324  4.47945167E-05
  3312.99951  0.000120261087  4.39446412E-05
  3331.02783  0.000110443543  5.94010489E-05
  3349.1543  0.000121321144  5.8281621E-05
  3367.37939  0.000131953115  5.71832134E-05
  3385.70361  0.000141506738  5.61054985E-05
  3404.12769  0.000141915472  5.50481564E-05
  3422.6521  0.000142299221  5.40106739E-05
  3441.2771  0.000142563993  5.29927747E-05
  3478.83179  0.000141779892  5.10133941E-05
  3497.76245  0.000141287921  5.00516908E-05
  3516.79639  0.000140371034  4.91086867E-05
  3535.93384  0.000139457392  4.81835195E-05
  3555.17529  0.000137674477  4.7275691E-05
  3574.52148  0.000132773595  4.63849865E-05
  3593.9729  0.000127961874  4.55109948E-05
  3613.53052  0.000132438538  5.04006348E-05
  3633.19385  0.000133382811  4.95014974E-05
  3652.96484  0.000134291622  4.86183235E-05
  3672.84326  0.000134769143  4.77504509E-05
  3692.82983  0.000134318063  4.68968574E-05
  3712.92505  0.000133860842  4.60585798E-05
  3733.12964  0.000133321853  4.52332715E-05
  3753.44409  0.000132636138  4.44191792E-05
  3773.86963  0.000131949797  4.36196678E-05
  3794.40576  0.000131217283  4.28333042E-05
  3815.05371  0.000130414366  4.20592332E-05
  3835.81421  0.000129613603  4.12990921E-05
  3856.6875  0.000128781801  4.05513529E-05
  3877.67456  0.000127910098  3.98153097E-05
  3898.77588  0.000127042222  3.90926107E-05
  3919.9917  0.000126150378  3.8381786E-05
  3941.323  0.000125232953  3.76824173E-05
  3962.77075  0.000124320519  3.69958325E-05
  3984.33496  0.000123390389  3.63201762E-05
  4006.01636  0.000122444835  3.56555211E-05
  4027.81641  0.000121505342  3.50029695E-05
  4049.73413  0.000120551696  3.4360688E-05
  4071.77173  0.000119588847  3.37289239E-05
  4093.9292  0.000118632801  3.31087394E-05
  4116.20703  0.000117665382  3.24985267E-05
  4138.60596  0.000116693518  3.18985876E-05
  4161.12744  0.000115728821  3.13097444E-05
  4183.771  0.00011475481  3.07305127E-05
  4206.5376  0.00011377949  3.01613345E-05
  4229.42871  0.000112811773  2.96027283E-05
  4252.44385  0.000111837144  2.90535354E-05
  4275.58398  0.000110864035  2.85141905E-05
  4298.85107  0.000109898872  2.79848027E-05
  4322.24414  0.000108927881  2.74631602E-05
  4345.76465  0.00010796023  2.69504653E-05
  4369.41309  0.000107000793  2.64473383E-05
  4393.18994  0.00010603694  2.59526205E-05
  4417.09619  0.000105077968  2.54668303E-05
  4441.13281  0.000104127314  2.49901641E-05
  4465.30029  0.000103173203  2.45213232E-05
  4489.59912  0.000102225058  2.40610825E-05
  4514.02979  0.000101285405  2.36094584E-05
  4538.59424  0.000100343183  2.31651011E-05
  4563.29199  9.94078728E-05  2.27289547E-05
  4588.12402  9.84810831E-05  2.23009974E-05
  4613.09082  9.75527873E-05  2.18798341E-05
  4638.19385  9.66321095E-05  2.14664615E-05
  4663.43408  9.57199154E-05  2.10608941E-05
  4688.81104  9.48066518E-05  2.06619625E-05
  4714.32568  9.39015372E-05  2.02705069E-05
  4739.97998  9.300487E-05  1.98864891E-05
  4765.77393  9.21078608E-05  1.95087996E-05
  4791.70752  9.12193791E-05  1.91383151E-05
  4817.78271  9.03390246E-05  1.87747974E-05
  4844.  8.94595723E-05  1.84172695E-05
  4870.35938  8.85885747E-05  1.80665738E-05
  4896.8623  8.77253624E-05  1.7722452E-05
  4923.50977  8.68639181E-05  1.7384029E-05
  4950.30225  8.6010863E-05  1.70520379E-05
  4977.24023  8.5165273E-05  1.67263224E-05
  5004.32471  8.43224261E-05  1.64061239E-05
  5031.55664  8.34878301E-05  1.60920808E-05
  5058.93701  8.26604446E-05  1.57838967E-05
  5086.46631  8.18364642E-05  1.54810114E-05
  5114.14551  8.10206257E-05  1.51839622E-05
  5141.9751  8.02117502E-05  1.48924573E-05
  5169.95605  7.94067892E-05  1.46061029E-05
  5198.08984  7.86098535E-05  1.43252264E-05
  5226.37598  7.78196554E-05  1.40495631E-05
  5254.81641  7.7033852E-05  1.37786783E-05
  5283.41162  7.62559575E-05  1.35129967E-05
  5312.1626  7.54845751E-05  1.32523146E-05
  5341.06982  7.47180165E-05  1.29963282E-05
  5370.13428  7.39592142E-05  1.27453086E-05
  5399.35693  7.32067565E-05  1.24989356E-05
  5428.73877  7.24594211E-05  1.22569863E-05
  5458.28027  7.1719689E-05  1.20197437E-05
  5487.98291  7.09861051E-05  1.17868949E-05
  5517.84668  7.02578764E-05  1.15583034E-05
  5547.87305  6.95370982E-05  1.13341275E-05
  5578.06299  6.88223226E-05  1.11141198E-05
  5608.41699  6.8113106E-05  1.0898113E-05
  5638.93652  6.7411187E-05  1.06863054E-05
  5669.62207  6.67150598E-05  1.04784094E-05
  5700.47412  6.60245933E-05  1.02743124E-05
  5731.49512  6.53412353E-05  1.00742045E-05
  5762.68408  6.4663589E-05  9.87782551E-06
  5794.04248  6.39917125E-05  9.6851536E-06
  5825.57178  6.33268064E-05  9.49622336E-06
  5857.27295  6.26674155E-05  9.31077466E-06
  5889.14697  6.20138089E-05  9.12880114E-06
  5921.19336  6.13670345E-05  8.95037647E-06
  5953.41553  6.07256261E-05  8.77529965E-06
  5985.81152  6.00901076E-05  8.60354612E-06
  6018.38477  5.94612065E-05  8.43516409E-06
  6051.13525  5.88376461E-05  8.26987525E-06
  6084.06348  5.82199718E-05  8.1077269E-06
  6117.17139  5.76087659E-05  7.94876905E-06
  6150.45947  5.70026641E-05  7.79271159E-06
  6183.92871  5.64023576E-05  7.63964181E-06
  6217.57959  5.58083811E-05  7.48956791E-06
  6251.41406  5.52194469E-05  7.34232526E-06
  6285.43164  5.46363226E-05  7.19795071E-06
  6319.63525  5.40593392E-05  7.05640423E-06
  6354.0249  5.34872815E-05  6.91744299E-06
  6388.60156  5.29209501E-05  6.78115202E-06
  6423.3667  5.23606068E-05  6.64755726E-06
  6458.3208  5.18050401E-05  6.51643677E-06
  6493.46484  5.12551269E-05  6.38788333E-06
  6528.80029  5.07110453E-05  6.26185602E-06
  6564.32861  5.0171675E-05  6.13816428E-06
  6600.04932  4.96378962E-05  6.01690544E-06
  6635.96533  4.9109778E-05  5.89803085E-06
  6672.07617  4.85862183E-05  5.78139043E-06
  6708.38379  4.80681374E-05  5.66703602E-06
  6744.88867  4.75555753E-05  5.55494307E-06
  6781.59229  4.70475607E-05  5.44495651E-06
  6818.49561  4.65449302E-05  5.33713455E-06
  6855.6001  4.60476585E-05  5.23145491E-06
  6892.90625  4.55547379E-05  5.12768111E-06
  6930.41553  4.50670886E-05  5.02597322E-06
  6968.12891  4.45846235E-05  4.92627123E-06
  7006.04736  4.41064949E-05  4.82843961E-06
  7044.17236  4.36334849E-05  4.73255886E-06
  7082.50439  4.31654917E-05  4.63856713E-06
  7121.04492  4.27018313E-05  4.54636574E-06
  7159.7959  4.2243144E-05  4.45599017E-06
  7198.75781  4.17892807E-05  4.36739947E-06
  7237.93066  4.13396774E-05  4.28045132E-06
  7277.31738  4.08949018E-05  4.19523303E-06
  7316.91895  4.04547973E-05  4.11171004E-06
  7356.73535  4.00189019E-05  4.02980004E-06
  7396.76855  3.95876996E-05  3.94952895E-06
  7437.01953  3.9161012E-05  3.87082537E-06
  7477.48926  3.87384644E-05  3.79360836E-06
  7518.17969  3.83204715E-05  3.71792612E-06
  7559.0918  3.79068442E-05  3.64374569E-06
  7600.22607  3.7497306E-05  3.57103158E-06
  7641.58447  3.70921844E-05  3.49976267E-06
  7683.16748  3.66913009E-05  3.42989506E-06
  7724.97705  3.62944156E-05  3.36135304E-06
  7767.01416  3.59018195E-05  3.2941864E-06
  7809.27979  3.55133088E-05  3.2283258E-06
  7851.77588  3.51286981E-05  3.16372416E-06
  7894.50244  3.47482601E-05  3.10042105E-06
  7937.4624  3.43717948E-05  3.03837169E-06
  7980.65576  3.39992039E-05  2.97755696E-06
  8024.08398  3.36306439E-05  2.91795482E-06
  8067.74902  3.32659001E-05  2.85951432E-06
  8111.65137  3.29048853E-05  2.80221025E-06
  8155.79199  3.25477886E-05  2.74605077E-06
  8200.17383  3.21944171E-05  2.69100451E-06
  8244.79688  3.18447237E-05  2.63704055E-06
  8289.66211  3.14988356E-05  2.58416367E-06
  8334.77246  3.11565382E-05  2.5323136E-06
  8380.12793  3.08178278E-05  2.4814783E-06
  8425.72949  3.04827972E-05  2.43166755E-06
  8471.58008  3.01512591E-05  2.38284179E-06
  8517.67969  2.98232135E-05  2.33499213E-06
  8564.03027  2.94987367E-05  2.28809949E-06
  8610.63379  2.91776287E-05  2.24212044E-06
  8657.49121  2.88599094E-05  2.19704111E-06
  8704.60254  2.85456626E-05  2.15286991E-06
  8751.9707  2.82346864E-05  2.10957319E-06
  8799.5957  2.79270225E-05  2.06713639E-06
  8847.48047  2.76227074E-05  2.02555657E-06
  8895.62598  2.73215664E-05  1.98477233E-06
  8944.03223  2.70236596E-05  1.94479685E-06
  8992.70312  2.67289888E-05  1.90562355E-06
  9041.63965  2.64373866E-05  1.86725379E-06
  9090.84082  2.6148924E-05  1.82966528E-06
  9140.31152  2.58635973E-05  1.7928304E-06
  9190.0498  2.55812756E-05  1.75670516E-06
  9240.05957  2.53019971E-05  1.72129478E-06
  9290.3418  2.50257672E-05  1.68660119E-06
  9340.89648  2.47524531E-05  1.65259701E-06
  9391.72754  2.44820949E-05  1.61927642E-06
  9442.83398  2.42146943E-05  1.5866309E-06
  9494.21875  2.3950075E-05  1.55460179E-06
  9545.88379  2.36883261E-05  1.52321616E-06
  9597.83008  2.34294366E-05  1.49246171E-06
  9650.05859  2.31732538E-05  1.46233845E-06
  9702.57129  2.29198577E-05  1.4328217E-06
  9755.37012  2.266923E-05  1.40390057E-06
  9808.45508  2.24212727E-05  1.37554912E-06
  9861.83105  2.21760092E-05  1.34776678E-06
  9915.49609  2.19334379E-05  1.32054845E-06
  9969.45312  2.16934059E-05  1.29386012E-06
  10023.7031  2.14560041E-05  1.2677134E-06
  10078.25  2.12211889E-05  1.24209237E-06
  10133.0928  2.09888567E-05  1.21698145E-06
  10188.2344  2.07590692E-05  1.19238018E-06
  10243.6748  2.05317938E-05  1.16827391E-06
  10299.418  2.03069339E-05  1.14464501E-06
  10355.4648  2.00845334E-05  1.12149223E-06
  10411.8164  1.98645612E-05  1.09880898E-06
  10468.4746  1.96469337E-05  1.07657627E-06
  10525.4414  1.94316908E-05  1.05479353E-06
  10582.7168  1.92187963E-05  1.03345224E-06
  10640.3057  1.90081701E-05  1.01253283E-06
  10698.207  1.87998558E-05  9.92038963E-07
  10756.4229  1.85938097E-05  9.7195732E-07
  10814.957  1.83899629E-05  9.52277958E-07
  10873.8076  1.81883588E-05  9.32999171E-07
  10932.9805  1.79889448E-05  9.14107432E-07
  10992.4746  1.77916791E-05  8.9559552E-07
  11052.292  1.75965779E-05  8.77457296E-07
  11112.4355  1.74036013E-05  8.5968594E-07
  11172.9062  1.72127129E-05  8.42268264E-07
  11233.7051  1.702392E-05  8.25205291E-07
  11294.8359  1.68371735E-05  8.08484458E-07
  11356.2998  1.66524314E-05  7.92098547E-07
  11418.0977  1.64697212E-05  7.7604642E-07
  11480.2314  1.6289001E-05  7.6031796E-07
  11542.7041  1.61102398E-05  7.44908846E-07
  11605.5156  1.59334413E-05  7.29811063E-07
  11668.6689  1.57585637E-05  7.15018246E-07
  11732.166  1.55855778E-05  7.00524595E-07
  11796.0088  1.54144909E-05  6.86323915E-07
  11860.2002  1.52452685E-05  6.72410124E-07
  11924.7402  1.50778906E-05  6.58774809E-07
  11989.6309  1.49123525E-05  6.45417515E-07
  12054.874  1.47486062E-05  6.32330682E-07
  12120.4736  1.45866243E-05  6.19509763E-07
  12186.4297  1.44264259E-05  6.06950039E-07
  12252.7451  1.42679719E-05  5.94640824E-07
  12319.4209  1.41112505E-05  5.82579958E-07
  12386.459  1.39562489E-05  5.7076295E-07
  12453.8633  1.38029291E-05  5.5918764E-07
  12521.6328  1.36512854E-05  5.4784698E-07
  12589.7725  1.35013033E-05  5.36736366E-07
  12658.2822  1.33529456E-05  5.25851362E-07
  12727.1641  1.32062041E-05  5.15185945E-07
  12796.4219  1.30610715E-05  5.04737898E-07
  12866.0566  1.29175232E-05  4.94501194E-07
  12936.0693  1.27755457E-05  4.84473276E-07
  13006.4639  1.26351297E-05  4.74648147E-07
  13077.2422  1.24962244E-05  4.65019866E-07
  13148.4043  1.23588388E-05  4.55587042E-07
  13219.9531  1.22229631E-05  4.46345126E-07
  13291.8926  1.20885588E-05  4.37292698E-07
  13364.2236  1.19556271E-05  4.28423675E-07
  13436.9482  1.18241551E-05  4.19735443E-07
  13510.0684  1.16941083E-05  4.11221606E-07
  13583.5859  1.15654857E-05  4.02880374E-07
  13657.5029  1.14382801E-05  3.9470936E-07
  13731.8242  1.13124479E-05  3.86704897E-07
  13806.5479  1.11879999E-05  3.78863916E-07
  13881.6797  1.10649171E-05  3.71181471E-07
  13957.2188  1.09431539E-05  3.63655175E-07
  14033.1709  1.08227232E-05  3.56280907E-07
  14109.5352  1.07036176E-05  3.49056478E-07
  14186.3145  1.05858035E-05  3.41980353E-07
  14263.5127  1.04692799E-05  3.35047275E-07
  14341.1299  1.03540433E-05  3.28255595E-07
  14419.1699  1.024004E-05  3.21600652E-07
  14497.6357  1.01272917E-05  3.15080825E-07
  14576.5273  1.00157849E-05  3.08694069E-07
  14655.8486  9.90547687E-06  3.02439048E-07
  14735.6016  9.79638389E-06  2.9631147E-07
  14815.7881  9.68848781E-06  2.90307781E-07
  14896.4111  9.58174132E-06  2.84426079E-07
  14977.4736  9.47616627E-06  2.78663265E-07
  15058.9766  9.37175355E-06  2.73017264E-07
  15140.9229  9.26846678E-06  2.6748728E-07
  15223.3154  9.16631689E-06  2.62068994E-07
  15306.1562  9.06528567E-06  2.56761155E-07
  15389.4482  8.96532583E-06  2.51560692E-07
  15473.1924  8.86647013E-06  2.46466215E-07
  15557.3936  8.76869581E-06  2.41474851E-07
  15642.0518  8.67197377E-06  2.3658562E-07
  15727.1719  8.57631858E-06  2.31795966E-07
  15812.7539  8.48170748E-06  2.27103612E-07
  15898.8027  8.38810593E-06  2.22508277E-07
  15985.3193  8.29553755E-06  2.18005738E-07
  16072.3057  8.2039769E-06  2.13595101E-07
  16159.7676  8.1133885E-06  2.09273907E-07
  16247.7031  8.02380328E-06  2.0504072E-07
  16336.1191  7.93518666E-06  2.00893439E-07
  16425.0156  7.84751319E-06  1.9683111E-07
  16514.3965  7.76080833E-06  1.92851431E-07
  16604.2617  7.67504207E-06  1.88952669E-07
  16694.6191  7.5901894E-06  1.85133914E-07
  16785.4648  7.50627669E-06  1.81392323E-07
  16876.8066  7.42326529E-06  1.77726733E-07
  16968.6445  7.34114201E-06  1.74136076E-07
  17060.9844  7.25992368E-06  1.70617795E-07
  17153.8242  7.17957209E-06  1.67171905E-07
  17247.1719  7.10007225E-06  1.63796372E-07
  17341.0234  7.02145417E-06  1.60489506E-07
  17435.3887  6.94366872E-06  1.57250184E-07
  17530.2676  6.86671365E-06  1.54077256E-07
  17625.6621  6.79061077E-06  1.50968773E-07
  17721.5762  6.71530688E-06  1.47923259E-07
  17818.0117  6.64080562E-06  1.44939818E-07
  17914.9727  6.56712882E-06  1.42016461E-07
  18012.4609  6.49421872E-06  1.39153272E-07
  18110.4785  6.42208715E-06  1.36348888E-07
  18209.0293  6.35075594E-06  1.33600949E-07
  18308.1191  6.28015005E-06  1.30909598E-07
  18407.7461  6.21029449E-06  1.28272859E-07
  18507.916  6.14121655E-06  1.25689596E-07
  18608.6309  6.07283437E-06  1.2315904E-07
  18709.8926  6.00518479E-06  1.20680141E-07
  18811.707  5.93828554E-06  1.18251073E-07
  18914.0742  5.87204386E-06  1.15872119E-07
  19017.  5.8065084E-06  1.13541731E-07
  19120.4844  5.74170463E-06  1.11258196E-07
  19224.5332  5.6775184E-06  1.09021897E-07
  19329.1465  5.61402112E-06  1.06830804E-07
  19434.3301  5.55123279E-06  1.04684084E-07
  19540.0859  5.48901926E-06  1.02581723E-07
  19646.418  5.42747512E-06  1.00522001E-07
  19753.3281  5.36662083E-06  9.85039534E-08
  19860.8184  5.30629814E-06  9.6527323E-08
  19968.8965  5.24662801E-06  9.45907743E-08
  20077.5605  5.18762909E-06  9.26929431E-08
  20186.8164  5.12910719E-06  9.08346038E-08
  20296.6699  5.07122559E-06  8.90136107E-08
  20407.1152  5.01399882E-06  8.72293242E-08
  20518.166  4.95718814E-06  8.54820144E-08
  20629.8203  4.90100774E-06  8.37697627E-08
  20742.0801  4.84546536E-06  8.20921215E-08
  20854.9531  4.79025766E-06  8.04493823E-08
  20968.4414  4.73567707E-06  7.88396548E-08
  21082.5449  4.6817031E-06  7.72624773E-08
  21197.2695  4.62801063E-06  7.5717999E-08
  21312.6191  4.57493206E-06  7.42046495E-08
  21428.5957  4.52242148E-06  7.27216829E-08
  21545.2051  4.47010552E-06  7.12697101E-08
  21662.4473  4.41839256E-06  6.98467488E-08
  21780.3262  4.36720165E-06  6.84526E-08
  21898.8496  4.31610351E-06  6.7087143E-08
  22018.0176  4.26559882E-06  6.5749056E-08
  22137.832  4.21554887E-06  6.44381188E-08
  22258.3008  4.16544299E-06  6.31542534E-08
  22379.4238  4.11592828E-06  6.18962019E-08
  22501.2051  4.06675463E-06  6.06635027E-08
  22623.6504  4.01729949E-06  5.94563154E-08
  22746.7617  3.9684387E-06  5.82733932E-08
  22870.543  3.91970843E-06  5.7114331E-08
  22994.9961  3.87029286E-06  5.59793278E-08
  23120.1309  3.82148392E-06  5.48669057E-08
  23245.9434  3.77232254E-06  5.37771534E-08
  23372.4395  3.72160912E-06  5.27098329E-08
  23499.627  3.67155008E-06  5.16638252E-08
  23627.5039  3.61950219E-06  5.0639116E-08
  23756.0781  3.56324563E-06  4.96353643E-08
  23885.3516  3.50778532E-06  4.86517244E-08
  24015.3301  3.3742499E-06  4.76876139E-08
  24146.0137  3.12180873E-06  4.67428123E-08
  24277.4082  2.87438729E-06  4.58167904E-08
  24409.5195  3.00538318E-06  2.8366091E-07
  24542.3496  3.11342774E-06  2.78287047E-07
  24675.9023  3.21881407E-06  2.73014791E-07
  24810.1797  3.26475788E-06  2.67835901E-07
  24945.1914  3.24800749E-06  2.62747278E-07
  25080.9336  3.23123572E-06  2.57755943E-07
  25217.416  3.21067751E-06  2.52851748E-07
  25354.6426  3.18675393E-06  2.48034269E-07
  25492.6172  3.16297087E-06  2.43309017E-07
  25631.3379  3.1376635E-06  2.38666701E-07
  25770.8164  3.11125882E-06  2.34108086E-07
  25911.0547  3.08506014E-06  2.29636328E-07
  26052.0547  3.05808453E-06  2.25243028E-07
  26193.8223  3.03070942E-06  2.20928868E-07
  26336.3613  3.00356896E-06  2.16697444E-07
  26479.6777  2.97599649E-06  2.12541124E-07
  26623.7715  2.94832125E-06  2.08461003E-07
  26768.6504  2.92089544E-06  2.04459624E-07
  26914.3164  2.89323771E-06  2.00528135E-07
  27060.7773  2.86562818E-06  1.96669475E-07
  27208.0352  2.83827717E-06  1.92885437E-07
  27356.0918  2.81080906E-06  1.89167451E-07
  27504.9551  2.78347193E-06  1.85519184E-07
  27654.6289  2.75639786E-06  1.81941147E-07
  27805.1191  2.72928651E-06  1.78425978E-07
  27956.4238  2.7023591E-06  1.7497689E-07
  28108.5566  2.67569385E-06  1.71594522E-07
  28261.5156  2.6490427E-06  1.68271953E-07
  28415.3066  2.62260482E-06  1.65012395E-07
  28569.9336  2.59642843E-06  1.61816317E-07
  28725.4023  2.57030683E-06  1.58676045E-07
  28881.7168  2.54441557E-06  1.55596226E-07
  29038.8828  2.51878419E-06  1.52576007E-07
  29196.9043  2.49323102E-06  1.49608766E-07
  29355.7852  2.46791888E-06  1.46699037E-07
  29515.5312  2.44286343E-06  1.43845782E-07
  29676.1465  2.41790895E-06  1.4104296E-07
  29837.6348  2.39320229E-06  1.38294439E-07
  30000.002  2.36874689E-06  1.35599763E-07