% protein [H48.6C32.9N8.9O8.9S0.6]; Density=1.35
% Energy(eV), Delta, Beta
  2000.  7.64747965E-05  2.60635147E-06
  2010.8833  7.56348963E-05  2.55249347E-06
  2021.82605  7.48042003E-05  2.49974801E-06
  2032.82837  7.39827447E-05  2.44773764E-06
  2043.89026  7.31703622E-05  2.39665655E-06
  2055.01245  7.23669145E-05  2.34664185E-06
  2066.19531  7.15719507E-05  2.29763441E-06
  2077.43896  7.07856307E-05  2.24964106E-06
  2088.74365  7.00079399E-05  2.2026511E-06
  2100.11011  6.92386093E-05  2.1566118E-06
  2111.53809  6.84776969E-05  2.11152724E-06
  2123.02881  6.7725101E-05  2.06738309E-06
  2134.58154  6.69805231E-05  2.02413526E-06
  2146.19727  6.62440507E-05  1.98178714E-06
  2157.87622  6.55156691E-05  1.94032441E-06
  2169.6189  6.47949782E-05  1.8997024E-06
  2181.42529  6.40821745E-05  1.85992735E-06
  2193.2959  6.3377207E-05  1.82098563E-06
  2205.2312  6.26794936E-05  1.78282357E-06
  2217.23145  6.19894054E-05  1.74545664E-06
  2229.29688  6.13069205E-05  1.70887529E-06
  2241.42822  6.06312897E-05  1.67303881E-06
  2253.62549  5.99630803E-05  1.63795346E-06
  2265.88892  5.93022378E-05  1.60360457E-06
  2278.21924  5.86475908E-05  1.56994076E-06
  2290.61646  5.80001761E-05  1.53698409E-06
  2303.08154  5.73598227E-05  1.50471669E-06
  2315.61426  5.672509E-05  1.47310618E-06
  2328.21509  5.60973895E-05  1.44215994E-06
  2340.88452  5.54763938E-05  1.41186138E-06
  2353.6228  5.48597673E-05  1.38216717E-06
  2366.43066  5.42499838E-05  1.35309745E-06
  2379.30811  5.36462467E-05  1.32463606E-06
  2392.25562  5.30443576E-05  1.29675846E-06
  2405.27344  5.24492207E-05  1.26946816E-06
  2418.3623  5.1857176E-05  1.24274834E-06
  2431.52246  5.12548249E-05  1.21657172E-06
  2444.75391  5.06594479E-05  1.19094727E-06
  2458.05762  4.99997841E-05  1.16585852E-06
  2471.43359  4.90916027E-05  1.14128329E-06
  2484.88232  4.88135847E-05  1.39162853E-06
  2498.40454  4.84972552E-05  1.36310689E-06
  2512.  4.79983901E-05  1.33515834E-06
  2525.66968  4.75046472E-05  1.30778494E-06
  2539.41357  4.70114173E-05  1.2809619E-06
  2553.23242  4.65128687E-05  1.25466204E-06
  2567.12622  4.60196025E-05  1.22890481E-06
  2581.0957  4.5529956E-05  1.20366531E-06
  2595.14136  4.50424996E-05  1.17892193E-06
  2609.26343  4.45602636E-05  1.15468868E-06
  2623.46216  4.40823096E-05  1.13094563E-06
  2637.73828  4.36080882E-05  1.10767678E-06
  2652.09229  4.31389599E-05  1.084887E-06
  2666.52393  4.26743172E-05  1.0625522E-06
  2681.03467  4.22139019E-05  1.04065703E-06
  2695.62378  4.17584779E-05  1.01921466E-06
  2710.29248  4.13075504E-05  9.98201472E-07
  2725.0415  4.08610358E-05  9.77607328E-07
  2739.87012  4.04193779E-05  9.57439852E-07
  2754.77979  3.99821729E-05  9.37675338E-07
  2769.77026  3.9549428E-05  9.18308729E-07
  2784.84277  3.91213471E-05  8.99342922E-07
  2799.99707  3.8697679E-05  8.80762173E-07
  2815.23364  3.82784128E-05  8.62560171E-07
  2830.55347  3.78636905E-05  8.44735325E-07
  2845.95654  3.74532574E-05  8.27255519E-07
  2861.44336  3.70471535E-05  8.10122117E-07
  2877.0144  3.66454515E-05  7.93345293E-07
  2892.67041  3.6247955E-05  7.76908166E-07
  2908.41162  3.58546968E-05  7.60808064E-07
  2924.23828  3.54657059E-05  7.45042428E-07
  2940.15088  3.50808186E-05  7.29588294E-07
  2956.15063  3.47000423E-05  7.14447765E-07
  2972.23682  3.43234133E-05  6.99623115E-07
  2988.41089  3.39507569E-05  6.85095301E-07
  3004.6731  3.35821023E-05  6.7086421E-07
  3021.02344  3.32174641E-05  6.56930524E-07
  3037.46313  3.28566894E-05  6.43270425E-07
  3053.99194  3.24998146E-05  6.29891019E-07
  3070.61108  3.21468142E-05  6.16791567E-07
  3087.32031  3.17975864E-05  6.03949957E-07
  3104.12085  3.14521385E-05  5.91374203E-07
  3121.01245  3.11104486E-05  5.79060156E-07
  3137.99585  3.07724149E-05  5.66991332E-07
  3155.07227  3.04380283E-05  5.55171539E-07
  3172.24121  3.01072851E-05  5.43598901E-07
  3189.50342  2.97800962E-05  5.32255228E-07
  3206.85986  2.94564488E-05  5.21146319E-07
  3224.31055  2.91363249E-05  5.10270979E-07
  3241.85645  2.88196243E-05  4.99608291E-07
  3259.49756  2.85063688E-05  4.89168201E-07
  3277.23486  2.81965167E-05  4.78947698E-07
  3295.0686  2.78900152E-05  4.68929557E-07
  3312.99951  2.75868479E-05  4.59122248E-07
  3331.02783  2.72869729E-05  4.49519263E-07
  3349.1543  2.69903412E-05  4.40107016E-07
  3367.37939  2.66969291E-05  4.30891532E-07
  3385.70361  2.64067075E-05  4.21868464E-07
  3404.12769  2.61196274E-05  4.13023713E-07
  3422.6521  2.58356667E-05  4.04364044E-07
  3441.2771  2.55547911E-05  3.95885792E-07
  3460.00342  2.52769605E-05  3.87575568E-07
  3478.83179  2.50021476E-05  3.79440905E-07
  3497.76245  2.47303215E-05  3.71474783E-07
  3516.79639  2.44614512E-05  3.63666828E-07
  3535.93384  2.4195504E-05  3.56024117E-07
  3555.17529  2.39324527E-05  3.48539686E-07
  3574.52148  2.36722608E-05  3.41206004E-07
  3593.9729  2.34149029E-05  3.34026424E-07
  3613.53052  2.31603299E-05  3.26995377E-07
  3633.19385  2.29085381E-05  3.20105528E-07
  3652.96484  2.26594766E-05  3.13360545E-07
  3672.84326  2.24131218E-05  3.06756419E-07
  3692.82983  2.21694463E-05  3.00286473E-07
  3712.92505  2.19284193E-05  2.93954002E-07
  3733.12964  2.16900189E-05  2.87751959E-07
  3753.44409  2.14542106E-05  2.81676364E-07
  3773.86963  2.12209616E-05  2.75728809E-07
  3794.40576  2.09902555E-05  2.6990358E-07
  3815.05371  2.0762056E-05  2.64196444E-07
  3835.81421  2.05363358E-05  2.58609901E-07
  3856.6875  2.03130803E-05  2.53139348E-07
  3877.67456  2.00922659E-05  2.4778069E-07
  3898.77588  1.98738471E-05  2.42535748E-07
  3919.9917  1.96578076E-05  2.37399178E-07
  3941.323  1.94441145E-05  2.32367441E-07
  3962.77075  1.92327425E-05  2.27443095E-07
  3984.33496  1.90236769E-05  2.22621892E-07
  4006.01636  1.88168888E-05  2.17902453E-07
  4027.81641  1.86123416E-05  2.1328259E-07
  4049.73413  1.84100372E-05  2.08756248E-07
  4071.77173  1.82099284E-05  2.04322802E-07
  4093.9292  1.80119932E-05  1.99983461E-07
  4116.20703  1.78162209E-05  1.95734017E-07
  4138.60596  1.76225822E-05  1.91573022E-07
  4161.12744  1.74310389E-05  1.87500987E-07
  4183.771  1.72415894E-05  1.83514018E-07
  4206.5376  1.70541989E-05  1.79611291E-07
  4229.42871  1.68688384E-05  1.75792081E-07
  4252.44385  1.66855116E-05  1.72051102E-07
  4275.58398  1.65041856E-05  1.6838905E-07
  4298.85107  1.63248205E-05  1.64804803E-07
  4322.24414  1.614742E-05  1.61295674E-07
  4345.76465  1.59719493E-05  1.57860597E-07
  4369.41309  1.5798385E-05  1.54498906E-07
  4393.18994  1.56267197E-05  1.51206947E-07
  4417.09619  1.54569243E-05  1.47984451E-07
  4441.13281  1.52889697E-05  1.44831105E-07
  4465.30029  1.51228496E-05  1.41742589E-07
  4489.59912  1.49585367E-05  1.38719926E-07
  4514.02979  1.47960127E-05  1.35761667E-07
  4538.59424  1.46352604E-05  1.32864741E-07
  4563.29199  1.44762616E-05  1.30029861E-07
  4588.12402  1.43189873E-05  1.27255404E-07
  4613.09082  1.41634373E-05  1.24538076E-07
  4638.19385  1.40095754E-05  1.21878458E-07
  4663.43408  1.38573814E-05  1.19275825E-07
  4688.81104  1.37068582E-05  1.16727385E-07
  4714.32568  1.35579721E-05  1.14233323E-07
  4739.97998  1.34106986E-05  1.11792893E-07
  4765.77393  1.32650339E-05  1.09402563E-07
  4791.70752  1.31209545E-05  1.07063769E-07
  4817.78271  1.29784385E-05  1.0477487E-07
  4844.  1.28374804E-05  1.02533406E-07
  4870.35938  1.26980567E-05  1.0034028E-07
  4896.8623  1.25601482E-05  9.8193901E-08
  4923.50977  1.24237504E-05  9.60922364E-08
  4950.30225  1.22888323E-05  9.40355562E-08
  4977.24023  1.2155383E-05  9.20230221E-08
  5004.32471  1.20233917E-05  9.00519979E-08
  5031.55664  1.18928319E-05  8.81233078E-08
  5058.93701  1.17636919E-05  8.62356657E-08
  5086.46631  1.16359633E-05  8.43874446E-08
  5114.14551  1.15096209E-05  8.25791417E-08
  5141.9751  1.13846545E-05  8.08093787E-08
  5169.95605  1.12610587E-05  7.90769974E-08
  5198.08984  1.11388008E-05  7.73817845E-08
  5226.37598  1.10178771E-05  7.57225607E-08
  5254.81641  1.08982713E-05  7.40978265E-08
  5283.41162  1.07799642E-05  7.25079587E-08
  5312.1626  1.06629423E-05  7.09521828E-08
  5341.06982  1.05471963E-05  6.94291131E-08
  5370.13428  1.04327082E-05  6.79390126E-08
  5399.35693  1.03194661E-05  6.64803821E-08
  5428.73877  1.02074591E-05  6.50522054E-08
  5458.28027  1.0096669E-05  6.36549657E-08
  5487.98291  9.98708583E-06  6.22874552E-08
  5517.84668  9.87870044E-06  6.09491266E-08
  5547.87305  9.7714892E-06  5.9639568E-08
  5578.06299  9.66544576E-06  5.83581112E-08
  5608.41699  9.56055919E-06  5.71038505E-08
  5638.93652  9.45681222E-06  5.58766722E-08
  5669.62207  9.35419212E-06  5.46755246E-08
  5700.47412  9.25269342E-06  5.3499619E-08
  5731.49512  9.15229248E-06  5.23492112E-08
  5762.68408  9.05298566E-06  5.12230898E-08
  5794.04248  8.95476296E-06  5.01209776E-08
  5825.57178  8.85760437E-06  4.9042594E-08
  5857.27295  8.76150534E-06  4.79870081E-08
  5889.14697  8.66645405E-06  4.6953943E-08
  5921.19336  8.57243685E-06  4.59431746E-08
  5953.41553  8.47943829E-06  4.4953925E-08
  5985.81152  8.38745382E-06  4.39857892E-08
  6018.38477  8.29646342E-06  4.30385754E-08
  6051.13525  8.20646983E-06  4.2111477E-08
  6084.06348  8.11745667E-06  4.12043413E-08
  6117.17139  8.02940849E-06  4.03169373E-08
  6150.45947  7.94231983E-06  3.94479436E-08
  6183.92871  7.85617704E-06  3.85975589E-08
  6217.57959  7.77097011E-06  3.77655454E-08
  6251.41406  7.68669088E-06  3.69511959E-08
  6285.43164  7.60333023E-06  3.61544714E-08
  6319.63525  7.52087044E-06  3.53749527E-08
  6354.0249  7.43931241E-06  3.46120288E-08
  6388.60156  7.35864023E-06  3.38654971E-08
  6423.3667  7.27884208E-06  3.31352368E-08
  6458.3208  7.19991385E-06  3.24202851E-08
  6493.46484  7.12184374E-06  3.17208304E-08
  6528.80029  7.04461854E-06  3.10365067E-08
  6564.32861  6.96823781E-06  3.03664969E-08
  6600.04932  6.89268927E-06  2.97110407E-08
  6635.96533  6.817957E-06  2.90697741E-08
  6672.07617  6.74404146E-06  2.84421091E-08
  6708.38379  6.67092854E-06  2.78280066E-08
  6744.88867  6.59860643E-06  2.72272676E-08
  6781.59229  6.52707467E-06  2.66393307E-08
  6818.49561  6.45631781E-06  2.60641304E-08
  6855.6001  6.3863281E-06  2.55015014E-08
  6892.90625  6.31710327E-06  2.49506726E-08
  6930.41553  6.24862878E-06  2.4411893E-08
  6968.12891  6.1808978E-06  2.38847839E-08
  7006.04736  6.11390533E-06  2.33686865E-08
  7044.17236  6.04763818E-06  2.28638832E-08
  7082.50439  5.98209135E-06  2.23700169E-08
  7121.04492  5.91725893E-06  2.18866134E-08
  7159.7959  5.85312864E-06  2.14137046E-08
  7198.75781  5.78969366E-06  2.09511004E-08
  7237.93066  5.72695126E-06  2.0498188E-08
  7277.31738  5.66488779E-06  2.0055154E-08
  7316.91895  5.60349736E-06  1.96218064E-08
  7356.73535  5.54277858E-06  1.91977545E-08
  7396.76855  5.48271646E-06  1.87830018E-08
  7437.01953  5.4233069E-06  1.83771576E-08
  7477.48926  5.36454445E-06  1.79798434E-08
  7518.17969  5.30641819E-06  1.75911747E-08
  7559.0918  5.24892221E-06  1.72109544E-08
  7600.22607  5.19205287E-06  1.6838948E-08
  7641.58447  5.13579971E-06  1.647504E-08
  7683.16748  5.08015773E-06  1.61190474E-08
  7724.97705  5.0251233E-06  1.57706346E-08
  7767.01416  4.97068459E-06  1.5429876E-08
  7809.27979  4.91683613E-06  1.50964397E-08
  7851.77588  4.86357294E-06  1.47701167E-08
  7894.50244  4.81088728E-06  1.44509666E-08
  7937.4624  4.75877323E-06  1.41386982E-08
  7980.65576  4.7072258E-06  1.38331826E-08
  8024.08398  4.65623771E-06  1.35342573E-08
  8067.74902  4.60580168E-06  1.32417091E-08
  8111.65137  4.55591544E-06  1.29554545E-08
  8155.79199  4.50656989E-06  1.26754474E-08
  8200.17383  4.45776004E-06  1.24014896E-08
  8244.79688  4.40947997E-06  1.2133393E-08
  8289.66211  4.36172422E-06  1.18711974E-08
  8334.77246  4.31448598E-06  1.16146293E-08
  8380.12793  4.26776251E-06  1.13636043E-08
  8425.72949  4.22154517E-06  1.11181064E-08
  8471.58008  4.17582851E-06  1.08778631E-08
  8517.67969  4.13060752E-06  1.0642828E-08
  8564.03027  4.0858763E-06  1.04129327E-08
  8610.63379  4.04163211E-06  1.01880095E-08
  8657.49121  3.99786768E-06  9.96794203E-09
  8704.60254  3.95457891E-06  9.7527133E-09
  8751.9707  3.9117599E-06  9.54211288E-09
  8799.5957  3.86940565E-06  9.33606525E-09
  8847.48047  3.82750886E-06  9.13455978E-09
  8895.62598  3.78606842E-06  8.93734597E-09
  8944.03223  3.74507863E-06  8.7444354E-09
  8992.70312  3.70453131E-06  8.55574545E-09
  9041.63965  3.66442441E-06  8.37112246E-09
  9090.84082  3.6247543E-06  8.19054957E-09
  9140.31152  3.5855121E-06  8.01392819E-09
  9190.0498  3.54669737E-06  7.84109666E-09
  9240.05957  3.5083026E-06  7.67202213E-09
  9290.3418  3.47032346E-06  7.50667795E-09
  9340.89648  3.43275792E-06  7.34486383E-09
  9391.72754  3.39559824E-06  7.18659043E-09
  9442.83398  3.35884192E-06  7.0318138E-09
  9494.21875  3.32248487E-06  6.88034785E-09
  9545.88379  3.28652186E-06  6.73221612E-09
  9597.83008  3.25094788E-06  6.58733113E-09
  9650.05859  3.21576135E-06  6.44551923E-09
  9702.57129  3.18095658E-06  6.30680574E-09
  9755.37012  3.14652766E-06  6.17114804E-09
  9808.45508  3.11247391E-06  6.03842754E-09
  9861.83105  3.07878668E-06  5.90861671E-09
  9915.49609  3.04546552E-06  5.78167825E-09
  9969.45312  3.0125077E-06  5.65740921E-09
  10023.7031  2.97990641E-06  5.53585444E-09
  10078.25  2.94765755E-06  5.4169127E-09
  10133.0928  2.91575884E-06  5.30053024E-09
  10188.2344  2.88420506E-06  5.18672127E-09
  10243.6748  2.85299416E-06  5.07540543E-09
  10299.418  2.82212204E-06  4.96646591E-09
  10355.4648  2.79158371E-06  4.85991869E-09
  10411.8164  2.76137666E-06  4.75572204E-09
  10468.4746  2.73149772E-06  4.65375694E-09
  10525.4414  2.70194209E-06  4.55404026E-09
  10582.7168  2.67270684E-06  4.4565196E-09
  10640.3057  2.64378809E-06  4.36107861E-09
  10698.207  2.61518198E-06  4.26775237E-09
  10756.4229  2.58688647E-06  4.17646495E-09
  10814.957  2.55889859E-06  4.08714307E-09
  10873.8076  2.53121402E-06  3.99980271E-09
  10932.9805  2.50382868E-06  3.91436439E-09
  10992.4746  2.47674029E-06  3.83077436E-09
  11052.292  2.44994499E-06  3.74902287E-09
  11112.4355  2.42344072E-06  3.66906105E-09
  11172.9062  2.39722385E-06  3.59080854E-09
  11233.7051  2.3712912E-06  3.51429263E-09
  11294.8359  2.3456389E-06  3.43944073E-09
  11356.2998  2.320264E-06  3.3662082E-09
  11418.0977  2.29516422E-06  3.29460059E-09
  11480.2314  2.27033638E-06  3.22455196E-09
  11542.7041  2.24577798E-06  3.15603099E-09
  11605.5156  2.22148537E-06  3.08901749E-09
  11668.6689  2.19745607E-06  3.0234657E-09
  11732.166  2.17368734E-06  2.95934366E-09
  11796.0088  2.15017553E-06  2.89663249E-09
  11860.2002  2.12691816E-06  2.83528712E-09
  11924.7402  2.10391295E-06  2.77526624E-09
  11989.6309  2.08115671E-06  2.71657585E-09
  12054.874  2.05864762E-06  2.65916578E-09
  12120.4736  2.03638228E-06  2.60301136E-09
  12186.4297  2.01435842E-06  2.54810328E-09
  12252.7451  1.99257215E-06  2.49437071E-09
  12319.4209  1.97102236E-06  2.44180587E-09
  12386.459  1.94970562E-06  2.39039832E-09
  12453.8633  1.92861944E-06  2.34011921E-09
  12521.6328  1.90776268E-06  2.29093988E-09
  12589.7725  1.88713057E-06  2.24284724E-09
  12658.2822  1.86672287E-06  2.19579643E-09
  12727.1641  1.84653641E-06  2.14976881E-09
  12796.4219  1.82656765E-06  2.10476125E-09
  12866.0566  1.80681536E-06  2.0607327E-09
  12936.0693  1.78727714E-06  2.01767536E-09
  13006.4639  1.76795004E-06  1.97556527E-09
  13077.2422  1.74883212E-06  1.93435334E-09
  13148.4043  1.72992145E-06  1.8940447E-09
  13219.9531  1.71121519E-06  1.85462334E-09
  13291.8926  1.69271198E-06  1.81606385E-09
  13364.2236  1.67440908E-06  1.77834936E-09
  13436.9482  1.65630411E-06  1.74147075E-09
  13510.0684  1.63839513E-06  1.70538039E-09
  13583.5859  1.62068E-06  1.67008196E-09
  13657.5029  1.60315687E-06  1.63556646E-09
  13731.8242  1.58582338E-06  1.60179858E-09
  13806.5479  1.56867816E-06  1.56877789E-09
  13881.6797  1.55171767E-06  1.5364825E-09
  13957.2188  1.53494113E-06  1.50487856E-09
  14033.1709  1.51834558E-06  1.47396684E-09
  14109.5352  1.50192966E-06  1.44373735E-09
  14186.3145  1.48569268E-06  1.41416556E-09
  14263.5127  1.46963055E-06  1.38524248E-09
  14341.1299  1.45374281E-06  1.35695977E-09
  14419.1699  1.43802663E-06  1.32927724E-09
  14497.6357  1.42248041E-06  1.30220501E-09
  14576.5273  1.40710233E-06  1.27573163E-09
  14655.8486  1.39189069E-06  1.24983501E-09
  14735.6016  1.37684344E-06  1.22451083E-09
  14815.7881  1.36195922E-06  1.19974108E-09
  14896.4111  1.34723643E-06  1.17550092E-09
  14977.4736  1.3326727E-06  1.15179211E-09
  15058.9766  1.31826664E-06  1.12855936E-09
  15140.9229  1.30401668E-06  1.10581266E-09
  15223.3154  1.28992076E-06  1.08356379E-09
  15306.1562  1.2759773E-06  1.06180342E-09
  15389.4482  1.26218481E-06  1.0405089E-09
  15473.1924  1.24854148E-06  1.01968356E-09
  15557.3936  1.2350456E-06  9.99311189E-10
  15642.0518  1.22169615E-06  9.79378356E-10
  15727.1719  1.20849097E-06  9.59884394E-10
  15812.7539  1.19542869E-06  9.40814537E-10
  15898.8027  1.18250762E-06  9.22159349E-10
  15985.3193  1.16972637E-06  9.0391139E-10
  16072.3057  1.1570836E-06  8.86062668E-10
  16159.7676  1.14457737E-06  8.68598304E-10
  16247.7031  1.13220676E-06  8.5151769E-10
  16336.1191  1.1199694E-06  8.3480578E-10
  16425.0156  1.10786482E-06  8.18454138E-10
  16514.3965  1.09589087E-06  8.02461042E-10
  16604.2617  1.08404686E-06  7.86813947E-10
  16694.6191  1.07233075E-06  7.71506137E-10
  16785.4648  1.06074174E-06  7.56531282E-10
  16876.8066  1.04927778E-06  7.41880501E-10
  16968.6445  1.03793809E-06  7.27547467E-10
  17060.9844  1.0267205E-06  7.1352535E-10
  17153.8242  1.01562466E-06  6.9980749E-10
  17247.1719  1.00464877E-06  6.86384782E-10
  17341.0234  9.93791787E-07  6.73255285E-10
  17435.3887  9.83051905E-07  6.60409782E-10
  17530.2676  9.72428325E-07  6.47843168E-10
  17625.6621  9.61919568E-07  6.35550557E-10
  17721.5762  9.51524498E-07  6.23519958E-10
  17818.0117  9.41242092E-07  6.11748596E-10
  17914.9727  9.31070758E-07  6.00231309E-10
  18012.4609  9.21009416E-07  5.88963212E-10
  18110.4785  9.11056986E-07  5.77939863E-10
  18209.0293  9.01212161E-07  5.67153879E-10
  18308.1191  8.91473519E-07  5.56600377E-10
  18407.7461  8.81840265E-07  5.46273193E-10
  18507.916  8.72311091E-07  5.36169775E-10
  18608.6309  8.62885145E-07  5.26281907E-10
  18709.8926  8.53561403E-07  5.16607535E-10
  18811.707  8.44338217E-07  5.07140496E-10
  18914.0742  8.35214792E-07  4.97876962E-10
  19017.  8.26189989E-07  4.88813268E-10
  19120.4844  8.17262787E-07  4.79943418E-10
  19224.5332  8.08432219E-07  4.71264416E-10
  19329.1465  7.99697091E-07  4.62770711E-10
  19434.3301  7.9105655E-07  4.54459637E-10
  19540.0859  7.82509289E-07  4.46326393E-10
  19646.418  7.74054456E-07  4.38367065E-10
  19753.3281  7.65690856E-07  4.30578351E-10
  19860.8184  7.57417865E-07  4.23101831E-10
  19968.8965  7.49234175E-07  4.15803308E-10
  20077.5605  7.4113899E-07  4.08616779E-10
  20186.8164  7.33131742E-07  4.01380873E-10
  20296.6699  7.25210953E-07  3.94280969E-10
  20407.1152  7.17376054E-07  3.87332333E-10
  20518.166  7.0962551E-07  3.80531828E-10
  20629.8203  7.01958527E-07  3.73875181E-10
  20742.0801  6.94374648E-07  3.67360392E-10
  20854.9531  6.86872568E-07  3.6098427E-10
  20968.4414  6.79451603E-07  3.54743124E-10
  21082.5449  6.72110843E-07  3.48634344E-10
  21197.2695  6.64849722E-07  3.42654488E-10
  21312.6191  6.57667044E-07  3.36801032E-10
  21428.5957  6.50562015E-07  3.31070504E-10
  21545.2051  6.43533667E-07  3.25461602E-10
  21662.4473  6.36581319E-07  3.19969995E-10
  21780.3262  6.29704232E-07  3.14593934E-10
  21898.8496  6.22901325E-07  3.0932984E-10
  22018.0176  6.16171917E-07  3.04175712E-10
  22137.832  6.09515439E-07  2.99129804E-10
  22258.3008  6.02930868E-07  2.94188868E-10
  22379.4238  5.96417522E-07  2.89351182E-10
  22501.2051  5.89974604E-07  2.84613694E-10
  22623.6504  5.83601263E-07  2.79974821E-10
  22746.7617  5.77296703E-07  2.75432371E-10
  22870.543  5.71060411E-07  2.70983597E-10
  22994.9961  5.64891479E-07  2.66627304E-10
  23120.1309  5.58788997E-07  2.62360383E-10
  23245.9434  5.52752738E-07  2.58181809E-10
  23372.4395  5.46781848E-07  2.54089083E-10
  23499.627  5.40875362E-07  2.5008029E-10
  23627.5039  5.35032711E-07  2.46153875E-10
  23756.0781  5.292531E-07  2.42307313E-10
  23885.3516  5.23535959E-07  2.38539577E-10
  24015.3301  5.17880551E-07  2.34848418E-10
  24146.0137  5.1228642E-07  2.31232741E-10
  24277.4082  5.0675277E-07  2.276902E-10
  24409.5195  5.01278919E-07  2.2421956E-10
  24542.3496  4.95864185E-07  2.20819432E-10
  24675.9023  4.90508114E-07  2.17487722E-10
  24810.1797  4.85209796E-07  2.14223389E-10
  24945.1914  4.79968605E-07  2.11024587E-10
  25080.9336  4.74784173E-07  2.07890233E-10
  25217.416  4.69655816E-07  2.04818273E-10
  25354.6426  4.64582911E-07  2.01807654E-10
  25492.6172  4.59564689E-07  1.98857306E-10
  25631.3379  4.54600894E-07  1.95965535E-10
  25770.8164  4.49690617E-07  1.93131414E-10
  25911.0547  4.44833347E-07  1.90353233E-10
  26052.0547  4.40028572E-07  1.87630092E-10
  26193.8223  4.35275695E-07  1.84960366E-10
  26336.3613  4.30574147E-07  1.82343196E-10
  26479.6777  4.25923531E-07  1.79777818E-10
  26623.7715  4.21323193E-07  1.77262677E-10
  26768.6504  4.16772593E-07  1.74796844E-10
  26914.3164  4.12271135E-07  1.72378889E-10
  27060.7773  4.0781822E-07  1.70007994E-10
  27208.0352  4.03413395E-07  1.6768327E-10
  27356.0918  3.99056262E-07  1.65403385E-10
  27504.9551  3.94746195E-07  1.63167729E-10
  27654.6289  3.90482654E-07  1.60974928E-10
  27805.1191  3.86265185E-07  1.58824273E-10
  27956.4238  3.8209339E-07  1.56714711E-10
  28108.5566  3.77966586E-07  1.54645449E-10
  28261.5156  3.73884433E-07  1.52615906E-10
  28415.3066  3.6984639E-07  1.50624846E-10
  28569.9336  3.65852031E-07  1.48671714E-10
  28725.4023  3.61900732E-07  1.46755164E-10
  28881.7168  3.5799215E-07  1.44874848E-10
  29038.8828  3.54125689E-07  1.43029755E-10
  29196.9043  3.50301093E-07  1.41219231E-10
  29355.7852  3.46517879E-07  1.39442694E-10
  29515.5312  3.42775508E-07  1.37699144E-10
  29676.1465  3.39073381E-07  1.3598804E-10
  29837.6348  3.35411357E-07  1.34308564E-10
  30000.002  3.3178884E-07  1.3266023E-10