2000.  0.00010885387  1.81051091E-05
  2010.8833  0.000108010987  1.77658549E-05
  2021.82605  0.000107142339  1.74325287E-05
  2032.82837  0.000106258507  1.71046431E-05
  2043.89026  0.000105381368  1.67827093E-05
  2055.01245  0.00010448695  1.64667163E-05
  2066.19531  0.000103585699  1.61565331E-05
  2077.43896  0.000102691636  1.58521943E-05
  2088.74365  0.000101785619  1.55512607E-05
  2100.11011  0.000100877965  1.52549001E-05
  2111.53809  9.99780314E-05  1.49641874E-05
  2123.02881  9.9069337E-05  1.46785724E-05
  2134.58154  9.81622143E-05  1.43982388E-05
  2146.19727  9.72631096E-05  1.4123264E-05
  2157.87622  9.63580314E-05  1.38529931E-05
  2169.6189  9.54568095E-05  1.35876826E-05
  2181.42529  9.45638385E-05  1.3327458E-05
  2193.2959  9.36672077E-05  1.30715271E-05
  2205.2312  9.2776063E-05  1.28203037E-05
  2217.23145  9.18932419E-05  1.25739007E-05
  2229.29688  9.10083763E-05  1.23319296E-05
  2241.42822  9.01300809E-05  1.20945251E-05
  2253.62549  8.92601529E-05  1.18616945E-05
  2265.88892  8.83894681E-05  1.16327737E-05
  2278.21924  8.75260521E-05  1.14081531E-05
  2290.61646  8.66709888E-05  1.1187879E-05
  2303.08154  8.58164276E-05  1.09712983E-05
  2315.61426  8.49697099E-05  1.07588548E-05
  2328.21509  8.41312722E-05  1.05505305E-05
  2340.88452  8.32936712E-05  1.03459006E-05
  2353.6228  8.24641975E-05  1.01452097E-05
  2366.43066  8.16427564E-05  9.94839775E-06
  2379.30811  8.08233308E-05  9.7547927E-06
  2392.25562  8.00120979E-05  9.56493113E-06
  2405.27344  7.92085921E-05  9.37874938E-06
  2418.3623  7.84079311E-05  9.1959364E-06
  2431.52246  7.76153247E-05  9.01665589E-06
  2444.75391  7.68301688E-05  8.84082692E-06
  2458.05762  7.60486728E-05  8.66803839E-06
  2471.43359  7.52751075E-05  8.49861317E-06
  2484.88232  7.45087236E-05  8.33245576E-06
  2498.40454  7.37465598E-05  8.16924694E-06
  2512.  7.29922031E-05  8.0091977E-06
  2525.66968  7.22447949E-05  7.85224893E-06
  2539.41357  7.15021015E-05  7.69822509E-06
  2553.23242  7.0767026E-05  7.54720168E-06
  2567.12622  7.00387027E-05  7.39904408E-06
  2581.0957  6.93153997E-05  7.25346354E-06
  2595.14136  6.85995474E-05  7.11072835E-06
  2609.26343  6.78901924E-05  6.97075257E-06
  2623.46216  6.71859962E-05  6.83339385E-06
  2637.73828  6.64891122E-05  6.69872907E-06
  2652.09229  6.57985947E-05  6.56665316E-06
  2666.52393  6.51135706E-05  6.4370588E-06
  2681.03467  6.44356478E-05  6.31000239E-06
  2695.62378  6.37639387E-05  6.18531658E-06
  2710.29248  6.30977738E-05  6.06284357E-06
  2725.0415  6.24385648E-05  5.94278208E-06
  2739.87012  6.17853875E-05  5.82505618E-06
  2754.77979  6.11378127E-05  5.70958855E-06
  2769.77026  6.04970519E-05  5.59640739E-06
  2784.84277  5.98620936E-05  5.4853931E-06
  2799.99707  5.9232807E-05  5.37648202E-06
  2815.23364  5.86101414E-05  5.2697269E-06
  2830.55347  5.79931693E-05  5.16498494E-06
  2845.95654  5.73818943E-05  5.06220567E-06
  2861.44336  5.67770767E-05  4.96145822E-06
  2877.0144  5.61777815E-05  4.86265344E-06
  2892.67041  5.55841398E-05  4.76574451E-06
  2908.41162  5.49967845E-05  4.6707587E-06
  2924.23828  5.44147842E-05  4.5775505E-06
  2940.15088  5.38383829E-05  4.48610763E-06
  2956.15063  5.32680715E-05  4.39648011E-06
  2972.23682  5.27030861E-05  4.30859927E-06
  2988.41089  5.21436887E-05  4.22244375E-06
  3004.6731  5.15902357E-05  4.13800308E-06
  3021.02344  5.10419086E-05  4.05517085E-06
  3037.46313  5.04990639E-05  3.9739266E-06
  3053.99194  4.99620146E-05  3.89430579E-06
  3070.61108  4.94299202E-05  3.81619384E-06
  3087.32031  4.89032464E-05  3.73958915E-06
  3104.12085  4.83821786E-05  3.66452514E-06
  3121.01245  4.78659422E-05  3.59091769E-06
  3137.99585  4.73550281E-05  3.51876656E-06
  3155.07227  4.68495527E-05  3.44805608E-06
  3172.24121  4.63487886E-05  3.3786589E-06
  3189.50342  4.58532559E-05  3.31062347E-06
  3206.85986  4.53630164E-05  3.24395069E-06
  3224.31055  4.48774335E-05  3.17856643E-06
  3241.85645  4.43969693E-05  3.11447161E-06
  3259.49756  4.39216565E-05  3.05166941E-06
  3277.23486  4.34508256E-05  2.99008502E-06
  3295.0686  4.29850224E-05  2.92971163E-06
  3312.99951  4.25242106E-05  2.87056309E-06
  3331.02783  4.20676952E-05  2.81249504E-06
  3349.1543  4.16160583E-05  2.75559E-06
  3367.37939  4.11692708E-05  2.69983366E-06
  3385.70361  4.0726758E-05  2.64517189E-06
  3404.12769  4.02890364E-05  2.59160538E-06
  3422.6521  3.98560042E-05  2.53911821E-06
  3441.2771  3.94271265E-05  2.48763035E-06
  3460.00342  3.90028981E-05  2.43716863E-06
  3478.83179  3.85831991E-05  2.38773055E-06
  3497.76245  3.81675854E-05  2.33923106E-06
  3516.79639  3.7756472E-05  2.29170291E-06
  3535.93384  3.73497387E-05  2.24514179E-06
  3555.17529  3.69470399E-05  2.19949379E-06
  3574.52148  3.65487213E-05  2.15476666E-06
  3593.9729  3.61546372E-05  2.11093402E-06
  3613.53052  3.5764464E-05  2.0679222E-06
  3633.19385  3.53785472E-05  2.02577598E-06
  3652.96484  3.49967049E-05  1.98447879E-06
  3672.84326  3.46187226E-05  1.94400218E-06
  3692.82983  3.42448293E-05  1.90434321E-06
  3712.92505  3.38748978E-05  1.86548937E-06
  3733.12964  3.35087279E-05  1.82739882E-06
  3753.44409  3.31465417E-05  1.79008225E-06
  3773.86963  3.27881826E-05  1.75350783E-06
  3794.40576  3.24335124E-05  1.71763304E-06
  3815.05371  3.20826948E-05  1.68248516E-06
  3835.81421  3.1735588E-05  1.64804885E-06
  3856.6875  3.13920937E-05  1.61430501E-06
  3877.67456  3.10523319E-05  1.58124453E-06
  3898.77588  3.07161463E-05  1.54884606E-06
  3919.9917  3.03834458E-05  1.51708309E-06
  3941.323  3.00543561E-05  1.48596268E-06
  3962.77075  2.97287497E-05  1.45547142E-06
  3984.33496  2.94065703E-05  1.42557667E-06
  4006.01636  2.90878925E-05  1.39628924E-06
  4027.81641  2.87725707E-05  1.3675924E-06
  4049.73413  2.84605903E-05  1.3394789E-06
  4071.77173  2.81519933E-05  1.3119477E-06
  4093.9292  2.7846645E-05  1.28496049E-06
  4116.20703  2.75445454E-05  1.25851E-06
  4138.60596  2.72457346E-05  1.23260077E-06
  4161.12744  2.69500561E-05  1.20722075E-06
  4183.771  2.66575335E-05  1.18235585E-06
  4206.5376  2.63681941E-05  1.15800276E-06
  4229.42871  2.60819179E-05  1.13414058E-06
  4252.44385  2.57987249E-05  1.1107569E-06
  4275.58398  2.55186205E-05  1.08785662E-06
  4298.85107  2.52414538E-05  1.06541074E-06
  4322.24414  2.49672757E-05  1.04341984E-06
  4345.76465  2.46960808E-05  1.02188108E-06
  4369.41309  2.44277417E-05  1.00077921E-06
  4393.18994  2.41622984E-05  9.80108553E-07
  4417.09619  2.38997436E-05  9.59862973E-07
  4441.13281  2.36399828E-05  9.40021152E-07
  4465.30029  2.33830415E-05  9.20579907E-07
  4489.59912  2.31288977E-05  9.0154208E-07
  4514.02979  2.28774225E-05  8.82886354E-07
  4538.59424  2.26286666E-05  8.64612275E-07
  4563.29199  2.2382621E-05  8.46718194E-07
  4588.12402  2.21391929E-05  8.29183591E-07
  4613.09082  2.18984205E-05  8.12008921E-07
  4638.19385  2.16602639E-05  7.95188441E-07
  4663.43408  2.1424632E-05  7.78699757E-07
  4688.81104  2.11915849E-05  7.62550144E-07
  4714.32568  2.09610771E-05  7.46734543E-07
  4739.97998  2.07330067E-05  7.31242437E-07
  4765.77393  2.05074248E-05  7.16067859E-07
  4791.70752  2.02843039E-05  7.01209785E-07
  4817.78271  2.00635241E-05  6.86650708E-07
  4844.  1.98451653E-05  6.72391707E-07
  4870.35938  1.96291858E-05  6.58430395E-07
  4896.8623  1.941554E-05  6.44746649E-07
  4923.50977  1.9204228E-05  6.31347007E-07
  4950.30225  1.8995217E-05  6.1822476E-07
  4977.24023  1.87884252E-05  6.05370417E-07
  5004.32471  1.85838999E-05  5.92780566E-07
  5031.55664  1.83815991E-05  5.80452308E-07
  5058.93701  1.8181443E-05  5.68362566E-07
  5086.46631  1.79834788E-05  5.56523673E-07
  5114.14551  1.77876682E-05  5.44932163E-07
  5141.9751  1.75939804E-05  5.33577634E-07
  5169.95605  1.7402419E-05  5.22460027E-07
  5198.08984  1.72129312E-05  5.11572978E-07
  5226.37598  1.70254661E-05  5.00910062E-07
  5254.81641  1.68400493E-05  4.90469006E-07
  5283.41162  1.6656646E-05  4.80242932E-07
  5312.1626  1.6475231E-05  4.70222687E-07
  5341.06982  1.62958058E-05  4.60410178E-07
  5370.13428  1.61183307E-05  4.50802418E-07
  5399.35693  1.59427818E-05  4.41391052E-07
  5428.73877  1.57691538E-05  4.32175284E-07
  5458.28027  1.55974085E-05  4.23150624E-07
  5487.98291  1.54275112E-05  4.14307664E-07
  5517.84668  1.52594766E-05  4.05649871E-07
  5547.87305  1.50932647E-05  3.97170595E-07
  5578.06299  1.49288599E-05  3.88865345E-07
  5608.41699  1.47662549E-05  3.80732814E-07
  5638.93652  1.4605409E-05  3.72768909E-07
  5669.62207  1.44462992E-05  3.64968997E-07
  5700.47412  1.42889321E-05  3.57331402E-07
  5731.49512  1.41332748E-05  3.49852542E-07
  5762.68408  1.39793219E-05  3.42526988E-07
  5794.04248  1.38270552E-05  3.35355168E-07
  5825.57178  1.36764293E-05  3.28331623E-07
  5857.27295  1.35274377E-05  3.21453285E-07
  5889.14697  1.33800713E-05  3.14719244E-07
  5921.19336  1.32343166E-05  3.08122964E-07
  5953.41553  1.3090149E-05  3.016618E-07
  5985.81152  1.29475611E-05  2.9533561E-07
  6018.38477  1.2806514E-05  2.89140416E-07
  6051.13525  1.26670084E-05  2.83073035E-07
  6084.06348  1.25290298E-05  2.77133125E-07
  6117.17139  1.2392552E-05  2.71317475E-07
  6150.45947  1.22575684E-05  2.65621878E-07
  6183.92871  1.21240555E-05  2.60046107E-07
  6217.57959  1.19919896E-05  2.54585558E-07
  6251.41406  1.18613643E-05  2.49238838E-07
  6285.43164  1.17321679E-05  2.44005008E-07
  6319.63525  1.1604383E-05  2.38880574E-07
  6354.0249  1.1477995E-05  2.33861968E-07
  6388.60156  1.13529613E-05  2.28939086E-07
  6423.3667  1.12292882E-05  2.24120328E-07
  6458.3208  1.11069758E-05  2.1940572E-07
  6493.46484  1.09860021E-05  2.14791896E-07
  6528.80029  1.08663444E-05  2.10274806E-07
  6564.32861  1.07479955E-05  2.05850142E-07
  6600.04932  1.06309417E-05  2.01518546E-07
  6635.96533  1.05151585E-05  1.97277842E-07
  6672.07617  1.04006467E-05  1.931231E-07
  6708.38379  1.02873828E-05  1.89054973E-07
  6744.88867  1.01753503E-05  1.85072679E-07
  6781.59229  1.00645484E-05  1.8117295E-07
  6818.49561  9.95495338E-06  1.77355005E-07
  6855.6001  9.84655071E-06  1.73617977E-07
  6892.90625  9.73932765E-06  1.699579E-07
  6930.41553  9.63326966E-06  1.6637533E-07
  6968.12891  9.52836854E-06  1.62868147E-07
  7006.04736  9.4246252E-06  1.59432133E-07
  7044.17236  9.32201237E-06  1.5606895E-07
  7082.50439  9.2205164E-06  1.52776536E-07
  7121.04492  9.12012456E-06  1.4955215E-07
  7159.7959  9.02082411E-06  1.46395649E-07
  7198.75781  8.92260505E-06  1.43306053E-07
  7237.93066  8.82547283E-06  1.40280079E-07
  7277.31738  8.72939472E-06  1.37318139E-07
  7316.91895  8.63436435E-06  1.34418826E-07
  7356.73535  8.54036534E-06  1.31578489E-07
  7396.76855  8.44739043E-06  1.28798547E-07
  7437.01953  8.3554296E-06  1.26076927E-07
  7477.48926  8.26448559E-06  1.23411894E-07
  7518.17969  8.17453019E-06  1.20803108E-07
  7559.0918  8.08555251E-06  1.18249346E-07
  7600.22607  7.99754889E-06  1.15749124E-07
  7641.58447  7.91050206E-06  1.13301695E-07
  7683.16748  7.82440748E-06  1.10905823E-07
  7724.97705  7.73926331E-06  1.08558915E-07
  7767.01416  7.6550441E-06  1.06261993E-07
  7809.27979  7.5717403E-06  1.04013317E-07
  7851.77588  7.48933917E-06  1.01811658E-07
  7894.50244  7.40783571E-06  9.96569085E-08
  7937.4624  7.32722356E-06  9.75473E-08
  7980.65576  7.24749816E-06  9.5481866E-08
  8024.08398  7.16864042E-06  9.34600237E-08
  8067.74902  7.09064489E-06  9.14804943E-08
  8111.65137  7.01350564E-06  8.95424108E-08
  8155.79199  6.93720722E-06  8.7645347E-08
  8200.17383  6.86173553E-06  8.57882867E-08
  8244.79688  6.78708329E-06  8.39699936E-08
  8289.66211  6.7132446E-06  8.21905033E-08
  8334.77246  6.64021627E-06  8.04480749E-08
  8380.12793  6.5679933E-06  7.87420404E-08
  8425.72949  6.49655658E-06  7.70724427E-08
  8471.58008  6.42589475E-06  7.54378462E-08
  8517.67969  6.35600054E-06  7.38377963E-08
  8564.03027  6.28686621E-06  7.2271682E-08
  8610.63379  6.21848903E-06  7.07383876E-08
  8657.49121  6.15085901E-06  6.92371032E-08
  8704.60254  6.08396749E-06  6.77678074E-08
  8751.9707  6.01780857E-06  6.63294131E-08
  8799.5957  5.95237407E-06  6.49212097E-08
  8847.48047  5.88765124E-06  6.35431192E-08
  8895.62598  5.82363236E-06  6.21939478E-08
  8944.03223  5.76031289E-06  6.08735036E-08
  8992.70312  5.69767963E-06  5.95810725E-08
  9041.63965  5.6357303E-06  5.83153934E-08
  9090.84082  5.57445856E-06  5.70764769E-08
  9140.31152  5.51385028E-06  5.58638469E-08
  9190.0498  5.45390913E-06  5.46768781E-08
  9240.05957  5.39462098E-06  5.35150022E-08
  9290.3418  5.33597631E-06  5.23780201E-08
  9340.89648  5.2779742E-06  5.12647951E-08
  9391.72754  5.22060145E-06  5.01752133E-08
  9442.83398  5.16385353E-06  4.91089942E-08
  9494.21875  5.10772952E-06  4.80647309E-08
  9545.88379  5.05221669E-06  4.70426897E-08
  9597.83008  4.99730731E-06  4.60423948E-08
  9650.05859  4.94300139E-06  4.50631212E-08
  9702.57129  4.88928708E-06  4.41046133E-08
  9755.37012  4.83615531E-06  4.31665939E-08
  9808.45508  4.78360607E-06  4.22482955E-08
  9861.83105  4.73162481E-06  4.13494838E-08
  9915.49609  4.68021062E-06  4.04699811E-08
  9969.45312  4.62936123E-06  3.96087501E-08
  10023.7031  4.57906572E-06  3.87659291E-08
  10078.25  4.52931545E-06  3.79409535E-08
  10133.0928  4.4801086E-06  3.71330735E-08
  10188.2344  4.43143699E-06  3.63425343E-08
  10243.6748  4.38329516E-06  3.55688456E-08
  10299.418  4.33568175E-06  3.48114781E-08
  10355.4648  4.28858493E-06  3.40702577E-08
  10411.8164  4.24200061E-06  3.33449321E-08
  10468.4746  4.19592334E-06  3.26345528E-08
  10525.4414  4.15034719E-06  3.19393862E-08
  10582.7168  4.10526809E-06  3.12591553E-08
  10640.3057  4.06068784E-06  3.05932204E-08
  10698.207  4.0165919E-06  2.99416207E-08
  10756.4229  3.97297526E-06  2.93038518E-08
  10814.957  3.92982747E-06  2.86793309E-08
  10873.8076  3.88715034E-06  2.8068273E-08
  10932.9805  3.8449366E-06  2.74702181E-08
  10992.4746  3.80318852E-06  2.68849139E-08
  11052.292  3.76189314E-06  2.63121187E-08
  11112.4355  3.72104796E-06  2.57515396E-08
  11172.9062  3.68064889E-06  2.52025831E-08
  11233.7051  3.6406891E-06  2.46654608E-08
  11294.8359  3.60116496E-06  2.41397515E-08
  11356.2998  3.56207261E-06  2.36251569E-08
  11418.0977  3.52340567E-06  2.31216557E-08
  11480.2314  3.48515914E-06  2.26288357E-08
  11542.7041  3.44732916E-06  2.21464624E-08
  11605.5156  3.4099096E-06  2.16744116E-08
  11668.6689  3.37289725E-06  2.12123847E-08
  11732.166  3.33628691E-06  2.0760119E-08
  11796.0088  3.30007379E-06  2.03175379E-08
  11860.2002  3.26425516E-06  1.98844035E-08
  11924.7402  3.22882875E-06  1.94604048E-08
  11989.6309  3.19378705E-06  1.90455616E-08
  12054.874  3.15912871E-06  1.86395308E-08
  12120.4736  3.12484849E-06  1.82421349E-08
  12186.4297  3.09094048E-06  1.78533259E-08
  12252.7451  3.05740218E-06  1.7472729E-08
  12319.4209  3.02423041E-06  1.71002448E-08
  12386.459  2.99141857E-06  1.67357506E-08
  12453.8633  2.9589628E-06  1.63789835E-08
  12521.6328  2.92686059E-06  1.60297517E-08
  12589.7725  2.89510558E-06  1.56880411E-08
  12658.2822  2.86369686E-06  1.53536224E-08
  12727.1641  2.83262921E-06  1.5026318E-08
  12796.4219  2.80189829E-06  1.4706087E-08
  12866.0566  2.77150343E-06  1.43926178E-08
  12936.0693  2.74144031E-06  1.40858649E-08
  13006.4639  2.71170302E-06  1.37856979E-08
  13077.2422  2.68229041E-06  1.34918947E-08
  13148.4043  2.65319841E-06  1.32044127E-08
  13219.9531  2.624422E-06  1.29231035E-08
  13291.8926  2.59595845E-06  1.26477104E-08
  13364.2236  2.56780345E-06  1.23781616E-08
  13436.9482  2.53995404E-06  1.21144534E-08
  13510.0684  2.51240976E-06  1.18563515E-08
  13583.5859  2.4851654E-06  1.16038041E-08
  13657.5029  2.45821639E-06  1.13567298E-08
  13731.8242  2.43156182E-06  1.11148237E-08
  13806.5479  2.40519739E-06  1.0878126E-08
  13881.6797  2.37911809E-06  1.06465183E-08
  13957.2188  2.35332345E-06  1.04197921E-08
  14033.1709  2.32780781E-06  1.01979207E-08
  14109.5352  2.3025691E-06  9.98084282E-09
  14186.3145  2.27760529E-06  9.76841807E-09
  14263.5127  2.2529116E-06  9.56056123E-09
  14341.1299  2.22848644E-06  9.35721367E-09
  14419.1699  2.20432821E-06  9.15805298E-09
  14497.6357  2.18043192E-06  8.96318664E-09
  14576.5273  2.15679506E-06  8.77255157E-09
  14655.8486  2.13341718E-06  8.58595151E-09
  14735.6016  2.11029237E-06  8.40340153E-09
  14815.7881  2.08741881E-06  8.22478352E-09
  14896.4111  2.06479399E-06  8.04991895E-09
  14977.4736  2.04241405E-06  7.87882026E-09
  15058.9766  2.02027718E-06  7.71133113E-09
  15140.9229  1.99838269E-06  7.54735829E-09
  15223.3154  1.97672512E-06  7.38691863E-09
  15306.1562  1.95530311E-06  7.22995752E-09
  15389.4482  1.93411324E-06  7.07630177E-09
  15473.1924  1.91315371E-06  6.92598734E-09
  15557.3936  1.89242098E-06  6.778893E-09
  15642.0518  1.8719154E-06  6.63488287E-09
  15727.1719  1.85163219E-06  6.49400311E-09
  15812.7539  1.83156874E-06  6.35614805E-09
  15898.8027  1.81172322E-06  6.22122576E-09
  15985.3193  1.7920928E-06  6.08921535E-09
  16072.3057  1.77267589E-06  5.96005645E-09
  16159.7676  1.75347031E-06  5.83361803E-09
  16247.7031  1.73447324E-06  5.70993386E-09
  16336.1191  1.71568183E-06  5.58889246E-09
  16425.0156  1.6970946E-06  5.47041434E-09
  16514.3965  1.67870871E-06  5.35451372E-09
  16604.2617  1.66052325E-06  5.24109645E-09
  16694.6191  1.64253549E-06  5.13010123E-09
  16785.4648  1.62474339E-06  5.02150499E-09
  16876.8066  1.60714399E-06  4.91524021E-09
  16968.6445  1.5897358E-06  4.81125406E-09
  17060.9844  1.57251554E-06  4.70951189E-09
  17153.8242  1.5554831E-06  4.60995242E-09
  17247.1719  1.53863596E-06  4.51249482E-09
  17341.0234  1.52197174E-06  4.41716264E-09
  17435.3887  1.50548772E-06  4.3238626E-09
  17530.2676  1.48918275E-06  4.23255608E-09
  17625.6621  1.47305423E-06  4.14323997E-09
  17721.5762  1.45710169E-06  4.0558259E-09
  17818.0117  1.44132264E-06  3.97028765E-09
  17914.9727  1.42571457E-06  3.88659993E-09
  18012.4609  1.41027556E-06  3.80469878E-09
  18110.4785  1.39500412E-06  3.724558E-09
  18209.0293  1.37989809E-06  3.64615138E-09
  18308.1191  1.36495544E-06  3.56942187E-09
  18407.7461  1.3501749E-06  3.49433105E-09
  18507.916  1.33555443E-06  3.42087914E-09
  18608.6309  1.32109346E-06  3.34897599E-09
  18709.8926  1.30678984E-06  3.27862026E-09
  18811.707  1.29264072E-06  3.20978666E-09
  18914.0742  1.27864632E-06  3.14242188E-09
  19017.  1.26480359E-06  3.07651282E-09
  19120.4844  1.25111092E-06  3.01203196E-09
  19224.5332  1.23756672E-06  2.94892777E-09
  19329.1465  1.2241693E-06  2.88717894E-09
  19434.3301  1.21091693E-06  2.82677859E-09
  19540.0859  1.19780805E-06  2.767647E-09
  19646.418  1.18484127E-06  2.70978928E-09
  19753.3281  1.17201466E-06  2.65319544E-09
  19860.8184  1.15932846E-06  2.59780397E-09
  19968.8965  1.1467796E-06  2.54361354E-09
  20077.5605  1.13436681E-06  2.49053445E-09
  20186.8164  1.12208852E-06  2.43856202E-09
  20296.6699  1.1099429E-06  2.38771181E-09
  20407.1152  1.09792927E-06  2.33796671E-09
  20518.166  1.08604547E-06  2.28929564E-09
  20629.8203  1.07429037E-06  2.2416764E-09
  20742.0801  1.06266293E-06  2.19509633E-09
  20854.9531  1.05116203E-06  2.14950746E-09
  20968.4414  1.03978596E-06  2.10490825E-09
  21082.5449  1.02853289E-06  2.06128159E-09
  21197.2695  1.01740216E-06  2.01858352E-09
  21312.6191  1.00639159E-06  1.97681538E-09
  21428.5957  9.95500386E-07  1.93595096E-09
  21545.2051  9.8472799E-07  1.89596849E-09
  21662.4473  9.74072236E-07  1.8568499E-09
  21780.3262  9.63531875E-07  1.81858339E-09
  21898.8496  9.53105882E-07  1.78113024E-09
  22018.0176  9.42792553E-07  1.74448933E-09
  22137.832  9.32591206E-07  1.70864589E-09
  22258.3008  9.22499851E-07  1.67356184E-09
  22379.4238  9.12517919E-07  1.63924185E-09
  22501.2051  9.0264416E-07  1.60566183E-09
  22623.6504  8.92878177E-07  1.57280333E-09
  22746.7617  8.83217865E-07  1.54065982E-09
  22870.543  8.73662145E-07  1.50920743E-09
  22994.9961  8.64209937E-07  1.47842827E-09
  23120.1309  8.54859536E-07  1.44831314E-09
  23245.9434  8.45610771E-07  1.41885093E-09
  23372.4395  8.36462334E-07  1.3900181E-09
  23499.627  8.27412748E-07  1.36180944E-09
  23627.5039  8.18461388E-07  1.33421119E-09
  23756.0781  8.09607513E-07  1.3072009E-09
  23885.3516  8.00849534E-07  1.28077737E-09
  24015.3301  7.92186086E-07  1.25492017E-09
  24146.0137  7.83616656E-07  1.22961874E-09
  24277.4082  7.75139938E-07  1.20486221E-09
  24409.5195  7.66755193E-07  1.1806367E-09
  24542.3496  7.58461624E-07  1.15693022E-09
  24675.9023  7.50257811E-07  1.13373422E-09
  24810.1797  7.42142959E-07  1.11103815E-09
  24945.1914  7.34115986E-07  1.08882581E-09
  25080.9336  7.2617587E-07  1.06709519E-09
  25217.416  7.18321701E-07  1.04582842E-09
  25354.6426  7.10552342E-07  1.02501607E-09
  25492.6172  7.02866942E-07  1.00465458E-09
  25631.3379  6.9526493E-07  9.84726189E-10
  25770.8164  6.87744944E-07  9.65224234E-10
  25911.0547  6.803063E-07  9.46141054E-10
  26052.0547  6.72948659E-07  9.27467714E-10
  26193.8223  6.65670996E-07  9.09192943E-10
  26336.3613  6.58472004E-07  8.9131158E-10
  26479.6777  6.51350945E-07  8.73812134E-10
  26623.7715  6.44307022E-07  8.56685056E-10
  26768.6504  6.37339269E-07  8.39927849E-10
  26914.3164  6.30446948E-07  8.23526525E-10
  27060.7773  6.23629205E-07  8.07476142E-10
  27208.0352  6.16885188E-07  7.9177187E-10
  27356.0918  6.10214443E-07  7.76398279E-10
  27504.9551  6.03616058E-07  7.61353869E-10
  27654.6289  5.97089013E-07  7.46630813E-10
  27805.1191  5.90632624E-07  7.32221173E-10
  27956.4238  5.84246379E-07  7.1811801E-10
  28108.5566  5.77928915E-07  7.04316938E-10
  28261.5156  5.71679834E-07  6.90810076E-10
  28415.3066  5.6549834E-07  6.77590595E-10
  28569.9336  5.59383807E-07  6.64655442E-10
  28725.4023  5.53335894E-07  6.51990295E-10
  28881.7168  5.47353523E-07  6.39595932E-10
  29038.8828  5.41435895E-07  6.27465635E-10
  29196.9043  5.35581592E-07  6.15589968E-10
  29355.7852  5.29790555E-07  6.03968375E-10
  29515.5312  5.24062159E-07  5.92594085E-10
  29676.1465  5.18396519E-07  5.81460435E-10
  29837.6348  5.12792383E-07  5.70563152E-10
  30000.002  5.07248785E-07  5.59899072E-10