% Si3N4 Density=3.44
% Energy(eV), Delta, Beta
  2000.  0.000165424659  3.14505705E-05
  2010.8833  0.000164312281  3.08673116E-05
  2021.82605  0.000163141813  3.02940025E-05
  2032.82837  0.000161934557  2.97302959E-05
  2043.89026  0.000160734533  2.91768974E-05
  2055.01245  0.000159493691  2.86335526E-05
  2066.19531  0.000158233393  2.81001285E-05
  2077.43896  0.000156981652  2.7576667E-05
  2088.74365  0.000155699949  2.70582641E-05
  2100.11011  0.000154409368  2.65473718E-05
  2111.53809  0.000153128582  2.60461366E-05
  2123.02881  0.000151824424  2.55534778E-05
  2134.58154  0.000150517939  2.50697976E-05
  2146.19727  0.000149222004  2.45952724E-05
  2157.87622  0.000147908475  2.41286307E-05
  2169.6189  0.000146597391  2.36704946E-05
  2181.42529  0.000145297454  2.32210732E-05
  2193.2959  0.000143984726  2.27787896E-05
  2205.2312  0.000142677847  2.23445695E-05
  2217.23145  0.000141382421  2.19186131E-05
  2229.29688  0.000140077682  2.15001583E-05
  2241.42822  0.000138781077  2.10895632E-05
  2253.62549  0.000137496158  2.06868153E-05
  2265.88892  0.000136204661  2.02906067E-05
  2278.21924  0.000134922971  1.99018086E-05
  2290.61646  0.000133653128  1.95204684E-05
  2303.08154  0.000132379384  1.91453219E-05
  2315.61426  0.000131116656  1.8777313E-05
  2328.21509  0.000129865773  1.84163837E-05
  2340.88452  0.000128611806  1.80617171E-05
  2353.6228  0.000127369611  1.77138372E-05
  2366.43066  0.000126138868  1.73726257E-05
  2379.30811  0.000124907616  1.70367712E-05
  2392.25562  0.000123688311  1.67073995E-05
  2405.27344  0.000122480051  1.63843706E-05
  2418.3623  0.000121273071  1.6067077E-05
  2431.52246  0.000120077952  1.57559152E-05
  2444.75391  0.00011889344  1.54506888E-05
  2458.05762  0.000117712007  1.51505956E-05
  2471.43359  0.000116542324  1.48563167E-05
  2484.88232  0.000115382834  1.45676577E-05
  2498.40454  0.000114227674  1.42840281E-05
  2512.  0.000113084119  1.40059074E-05
  2525.66968  0.000111950445  1.37331326E-05
  2539.41357  0.00011082222  1.34653656E-05
  2553.23242  0.000109705339  1.32027926E-05
  2567.12622  0.000108598055  1.29451446E-05
  2581.0957  0.000107496999  1.26918712E-05
  2595.14136  0.000106407133  1.24435519E-05
  2609.26343  0.000105326479  1.21999874E-05
  2623.46216  0.000104252409  1.19609176E-05
  2637.73828  0.000103189275  1.17265099E-05
  2652.09229  0.000102135244  1.14965669E-05
  2666.52393  0.000101088619  1.12709149E-05
  2681.03467  0.000100052683  1.10496885E-05
  2695.62378  9.90256449E-05  1.08325257E-05
  2710.29248  9.80062323E-05  1.06191446E-05
  2725.0415  9.69973116E-05  1.04099572E-05
  2739.87012  9.5997013E-05  1.0204807E-05
  2754.77979  9.50045796E-05  1.00035586E-05
  2769.77026  9.40224199E-05  9.80628101E-06
  2784.84277  9.30485985E-05  9.61273872E-06
  2799.99707  9.20828461E-05  9.42283987E-06
  2815.23364  9.11271563E-05  9.2366954E-06
  2830.55347  9.01796666E-05  9.0540143E-06
  2845.95654  8.92404059E-05  8.87472925E-06
  2861.44336  8.83109606E-05  8.69898213E-06
  2877.0144  8.73894678E-05  8.52658741E-06
  2892.67041  8.64762187E-05  8.3574887E-06
  2908.41162  8.55725375E-05  8.19173783E-06
  2924.23828  8.46765834E-05  8.02903742E-06
  2940.15088  8.37888947E-05  7.86940836E-06
  2956.15063  8.29104974E-05  7.71294526E-06
  2972.23682  8.20398272E-05  7.55950123E-06
  2988.41089  8.11775099E-05  7.40905034E-06
  3004.6731  8.03242656E-05  7.26157987E-06
  3021.02344  7.94784719E-05  7.11688199E-06
  3037.46313  7.86408709E-05  6.97495852E-06
  3053.99194  7.78121321E-05  6.83586495E-06
  3070.61108  7.6990611E-05  6.6993689E-06
  3087.32031  7.61772535E-05  6.56551128E-06
  3104.12085  7.53724671E-05  6.43433805E-06
  3121.01245  7.45747457E-05  6.30568593E-06
  3137.99585  7.37850714E-05  6.17958267E-06
  3155.07227  7.30037427E-05  6.05598825E-06
  3172.24121  7.22293044E-05  5.93465029E-06
  3189.50342  7.14628186E-05  5.8157043E-06
  3206.85986  7.07044528E-05  5.69913391E-06
  3224.31055  6.99529483E-05  5.58478814E-06
  3241.85645  6.92093017E-05  5.47268291E-06
  3259.49756  6.84735642E-05  5.36282914E-06
  3277.23486  6.77444332E-05  5.25507949E-06
  3295.0686  6.70229711E-05  5.14947851E-06
  3312.99951  6.63091851E-05  5.04600803E-06
  3331.02783  6.56016928E-05  4.94438927E-06
  3349.1543  6.49017456E-05  4.84480461E-06
  3367.37939  6.42092564E-05  4.74721855E-06
  3385.70361  6.35230972E-05  4.65153562E-06
  3404.12769  6.2844294E-05  4.55778081E-06
  3422.6521  6.21727086E-05  4.46590457E-06
  3441.2771  6.15072931E-05  4.37575454E-06
  3460.00342  6.08490736E-05  4.28741259E-06
  3478.83179  6.01978172E-05  4.20085235E-06
  3497.76245  5.95526762E-05  4.11591509E-06
  3516.79639  5.89144838E-05  4.03268905E-06
  3535.93384  5.82830326E-05  3.95114694E-06
  3555.17529  5.76576422E-05  3.87119326E-06
  3574.52148  5.70390039E-05  3.79285962E-06
  3593.9729  5.64268921E-05  3.71608257E-06
  3613.53052  5.58206666E-05  3.64072639E-06
  3633.19385  5.52210222E-05  3.5669018E-06
  3652.96484  5.46276606E-05  3.49455604E-06
  3672.84326  5.40401415E-05  3.42363478E-06
  3692.82983  5.34589599E-05  3.35414552E-06
  3712.92505  5.28838791E-05  3.28605665E-06
  3733.12964  5.23144954E-05  3.21929656E-06
  3753.44409  5.17512708E-05  3.15389457E-06
  3773.86963  5.11939324E-05  3.08978179E-06
  3794.40576  5.0642222E-05  3.02688841E-06
  3815.05371  5.0096467E-05  2.96527764E-06
  3835.81421  4.95564345E-05  2.90490607E-06
  3856.6875  4.90219245E-05  2.84574435E-06
  3877.67456  4.84932025E-05  2.78778089E-06
  3898.77588  4.79699811E-05  2.73096771E-06
  3919.9917  4.74520966E-05  2.67526525E-06
  3941.323  4.69398146E-05  2.62069238E-06
  3962.77075  4.64328914E-05  2.56721387E-06
  3984.33496  4.59312432E-05  2.51478195E-06
  4006.01636  4.54350338E-05  2.46341847E-06
  4027.81641  4.49439904E-05  2.41308248E-06
  4049.73413  4.44580874E-05  2.36376172E-06
  4071.77173  4.39774376E-05  2.31545596E-06
  4093.9292  4.35017937E-05  2.26809448E-06
  4116.20703  4.30311447E-05  2.22166614E-06
  4138.60596  4.25656071E-05  2.1761839E-06
  4161.12744  4.21048899E-05  2.13162366E-06
  4183.771  4.16490475E-05  2.08796337E-06
  4206.5376  4.11981455E-05  2.04519802E-06
  4229.42871  4.07519838E-05  2.003286E-06
  4252.44385  4.03105805E-05  1.96221094E-06
  4275.58398  3.98739867E-05  1.92198172E-06
  4298.85107  3.94419149E-05  1.88254205E-06
  4322.24414  3.90144705E-05  1.84389626E-06
  4345.76465  3.8591661E-05  1.80604115E-06
  4369.41309  3.81732534E-05  1.7689473E-06
  4393.18994  3.77593169E-05  1.7326098E-06
  4417.09619  3.73498842E-05  1.69701593E-06
  4441.13281  3.69447662E-05  1.66212351E-06
  4465.30029  3.65440137E-05  1.62793242E-06
  4489.59912  3.61476195E-05  1.59444778E-06
  4514.02979  3.57553326E-05  1.56162844E-06
  4538.59424  3.53672694E-05  1.529477E-06
  4563.29199  3.49834263E-05  1.49799075E-06
  4588.12402  3.46036359E-05  1.4671308E-06
  4613.09082  3.42279563E-05  1.4369042E-06
  4638.19385  3.38563586E-05  1.40729765E-06
  4663.43408  3.34886645E-05  1.37826783E-06
  4688.81104  3.31249721E-05  1.34983236E-06
  4714.32568  3.27652342E-05  1.32198204E-06
  4739.97998  3.24092725E-05  1.29469663E-06
  4765.77393  3.20571853E-05  1.26797056E-06
  4791.70752  3.17089361E-05  1.24179928E-06
  4817.78271  3.13642922E-05  1.21614937E-06
  4844.  3.10234063E-05  1.19102617E-06
  4870.35938  3.06862275E-05  1.16642491E-06
  4896.8623  3.03526776E-05  1.14230727E-06
  4923.50977  3.00227748E-05  1.11868962E-06
  4950.30225  2.96964517E-05  1.0955581E-06
  4977.24023  2.93735593E-05  1.07289509E-06
  5004.32471  2.90541921E-05  1.05069819E-06
  5031.55664  2.87382882E-05  1.0289599E-06
  5058.93701  2.84257076E-05  1.00763555E-06
  5086.46631  2.81165394E-05  9.86752866E-07
  5114.14551  2.78107291E-05  9.66304128E-07
  5141.9751  2.75082184E-05  9.46270461E-07
  5169.95605  2.72090201E-05  9.26653399E-07
  5198.08984  2.69130505E-05  9.07440835E-07
  5226.37598  2.66202151E-05  8.88621685E-07
  5254.81641  2.63305774E-05  8.70193219E-07
  5283.41162  2.60440775E-05  8.52141625E-07
  5312.1626  2.57606716E-05  8.3445002E-07
  5341.06982  2.54803654E-05  8.17124373E-07
  5370.13428  2.52031004E-05  8.00158261E-07
  5399.35693  2.4928835E-05  7.83536564E-07
  5428.73877  2.46575564E-05  7.67259564E-07
  5458.28027  2.43892118E-05  7.51317714E-07
  5487.98291  2.41237467E-05  7.35694243E-07
  5517.84668  2.3861181E-05  7.20396486E-07
  5547.87305  2.36014621E-05  7.05412106E-07
  5578.06299  2.33445535E-05  6.90733202E-07
  5608.41699  2.30904516E-05  6.76358752E-07
  5638.93652  2.28390854E-05  6.62280456E-07
  5669.62207  2.25904259E-05  6.48490129E-07
  5700.47412  2.23444877E-05  6.34985781E-07
  5731.49512  2.2101216E-05  6.21760307E-07
  5762.68408  2.18606037E-05  6.08804555E-07
  5794.04248  2.16226199E-05  5.96119946E-07
  5825.57178  2.13871972E-05  5.83695964E-07
  5857.27295  2.11543138E-05  5.71527437E-07
  5889.14697  2.09239697E-05  5.59613227E-07
  5921.19336  2.06961395E-05  5.47940658E-07
  5953.41553  2.04707849E-05  5.36506377E-07
  5985.81152  2.02479005E-05  5.25310327E-07
  6018.38477  2.00274171E-05  5.14344606E-07
  6051.13525  1.9809333E-05  5.03603019E-07
  6084.06348  1.95936318E-05  4.93085849E-07
  6117.17139  1.93802753E-05  4.82787243E-07
  6150.45947  1.91692543E-05  4.7270143E-07
  6183.92871  1.89605289E-05  4.62827359E-07
  6217.57959  1.87540627E-05  4.53155963E-07
  6251.41406  1.85498375E-05  4.43684968E-07
  6285.43164  1.83478423E-05  4.34412925E-07
  6319.63525  1.81480591E-05  4.25333553E-07
  6354.0249  1.79504568E-05  4.16441139E-07
  6388.60156  1.77549573E-05  4.07715333E-07
  6423.3667  1.7561586E-05  3.99173189E-07
  6458.3208  1.73703393E-05  3.9081641E-07
  6493.46484  1.71811844E-05  3.82637666E-07
  6528.80029  1.69940886E-05  3.74629622E-07
  6564.32861  1.68090337E-05  3.66784604E-07
  6600.04932  1.66260015E-05  3.59103694E-07
  6635.96533  1.64449557E-05  3.51583168E-07
  6672.07617  1.62658907E-05  3.44213476E-07
  6708.38379  1.60887757E-05  3.36996493E-07
  6744.88867  1.59135907E-05  3.29930998E-07
  6781.59229  1.57403192E-05  3.23011619E-07
  6818.49561  1.55689359E-05  3.16236651E-07
  6855.6001  1.5399417E-05  3.09604417E-07
  6892.90625  1.52317371E-05  3.03108493E-07
  6930.41553  1.50658798E-05  2.96749363E-07
  6968.12891  1.49018297E-05  2.90523332E-07
  7006.04736  1.47395876E-05  2.84423066E-07
  7044.17236  1.45791128E-05  2.78451409E-07
  7082.50439  1.44203868E-05  2.72604723E-07
  7121.04492  1.42633808E-05  2.66878374E-07
  7159.7959  1.410808E-05  2.61271964E-07
  7198.75781  1.395447E-05  2.55783817E-07
  7237.93066  1.38025589E-05  2.50407993E-07
  7277.31738  1.36522967E-05  2.45145401E-07
  7316.91895  1.35036717E-05  2.39993426E-07
  7356.73535  1.33566555E-05  2.34945247E-07
  7396.76855  1.32112409E-05  2.30003877E-07
  7437.01953  1.30674116E-05  2.2516592E-07
  7477.48926  1.29251703E-05  2.20428689E-07
  7518.17969  1.27844751E-05  2.15790905E-07
  7559.0918  1.26453106E-05  2.11250395E-07
  7600.22607  1.25076685E-05  2.06804359E-07
  7641.58447  1.23715217E-05  2.02451716E-07
  7683.16748  1.22368647E-05  1.98190406E-07
  7724.97705  1.21036901E-05  1.94015939E-07
  7767.01416  1.19719662E-05  1.89929892E-07
  7809.27979  1.1841671E-05  1.85929281E-07
  7851.77588  1.17127847E-05  1.8201176E-07
  7894.50244  1.15853027E-05  1.78177316E-07
  7937.4624  1.14592131E-05  1.74422624E-07
  7980.65576  1.13345104E-05  1.70745793E-07
  8024.08398  1.12111657E-05  1.67146226E-07
  8067.74902  1.10891679E-05  1.6362192E-07
  8111.65137  1.09685125E-05  1.60171297E-07
  8155.79199  1.08491695E-05  1.56793334E-07
  8200.17383  1.07311207E-05  1.53486297E-07
  8244.79688  1.06143507E-05  1.50247985E-07
  8289.66211  1.0498854E-05  1.47078438E-07
  8334.77246  1.03846251E-05  1.43974631E-07
  8380.12793  1.02716585E-05  1.40935327E-07
  8425.72949  1.01599226E-05  1.37960654E-07
  8471.58008  1.00493944E-05  1.35047941E-07
  8517.67969  9.94006587E-06  1.32196476E-07
  8564.03027  9.83192422E-06  1.2940518E-07
  8610.63379  9.72496673E-06  1.26672106E-07
  8657.49121  9.61917976E-06  1.23995804E-07
  8704.60254  9.51454604E-06  1.21376232E-07
  8751.9707  9.41105918E-06  1.18811514E-07
  8799.5957  9.3087092E-06  1.16300328E-07
  8847.48047  9.20747061E-06  1.13842574E-07
  8895.62598  9.10733343E-06  1.11436236E-07
  8944.03223  9.00828945E-06  1.09080879E-07
  8992.70312  8.91032141E-06  1.06775246E-07
  9041.63965  8.81341839E-06  1.04517049E-07
  9090.84082  8.71757402E-06  1.02306309E-07
  9140.31152  8.6227692E-06  1.00142245E-07
  9190.0498  8.52900848E-06  9.80238184E-08
  9240.05957  8.43627004E-06  9.59499715E-08
  9290.3418  8.34453931E-06  9.39203417E-08
  9340.89648  8.25380994E-06  9.19329395E-08
  9391.72754  8.16406373E-06  8.99875445E-08
  9442.83398  8.07529614E-06  8.80836524E-08
  9494.21875  7.98750534E-06  8.62187477E-08
  9545.88379  7.90067043E-06  8.43933137E-08
  9597.83008  7.81477866E-06  8.2606519E-08
  9650.05859  7.72983458E-06  8.0857113E-08
  9702.57129  7.64581546E-06  7.91446055E-08
  9755.37012  7.56270811E-06  7.74685205E-08
  9808.45508  7.48051025E-06  7.58274794E-08
  9861.83105  7.39920006E-06  7.42210844E-08
  9915.49609  7.31877799E-06  7.2649037E-08
  9969.45312  7.23924177E-06  7.11095751E-08
  10023.7031  7.16057139E-06  6.96028906E-08
  10078.25  7.08275411E-06  6.81279886E-08
  10133.0928  7.00578448E-06  6.66834552E-08
  10188.2344  6.92965068E-06  6.52697594E-08
  10243.6748  6.85434588E-06  6.38860627E-08
  10299.418  6.77987009E-06  6.25314627E-08
  10355.4648  6.70620193E-06  6.12056041E-08
  10411.8164  6.63333549E-06  5.99080394E-08
  10468.4746  6.56126349E-06  5.86370312E-08
  10525.4414  6.48997366E-06  5.73931089E-08
  10582.7168  6.41946281E-06  5.61757822E-08
  10640.3057  6.34973321E-06  5.49839747E-08
  10698.207  6.28076077E-06  5.38176756E-08
  10756.4229  6.21253776E-06  5.26760111E-08
  10814.957  6.14504961E-06  5.15579153E-08
  10873.8076  6.07829634E-06  5.0463786E-08
  10932.9805  6.01226839E-06  4.93928525E-08
  10992.4746  5.9469653E-06  4.8344674E-08
  11052.292  5.88237162E-06  4.73187889E-08
  11112.4355  5.8184819E-06  4.63146712E-08
  11172.9062  5.75529566E-06  4.53312659E-08
  11233.7051  5.69279473E-06  4.43689459E-08
  11294.8359  5.63097547E-06  4.34269793E-08
  11356.2998  5.5698315E-06  4.25048299E-08
  11418.0977  5.50935238E-06  4.16024584E-08
  11480.2314  5.44953127E-06  4.07191472E-08
  11542.7041  5.39036046E-06  3.98544664E-08
  11605.5156  5.33183265E-06  3.90081958E-08
  11668.6689  5.27394059E-06  3.8179806E-08
  11732.166  5.21667789E-06  3.73688174E-08
  11796.0088  5.16003729E-06  3.65751056E-08
  11860.2002  5.10401378E-06  3.57982586E-08
  11924.7402  5.04860373E-06  3.50377256E-08
  11989.6309  4.99379712E-06  3.42935316E-08
  12054.874  4.93958942E-06  3.35650725E-08
  12120.4736  4.88597243E-06  3.28520215E-08
  12186.4297  4.83293888E-06  3.21543006E-08
  12252.7451  4.78048378E-06  3.147127E-08
  12319.4209  4.72860256E-06  3.08027417E-08
  12386.459  4.67728432E-06  3.01484775E-08
  12453.8633  4.62652315E-06  2.95079943E-08
  12521.6328  4.57631404E-06  2.88809598E-08
  12589.7725  4.52664881E-06  2.82673582E-08
  12658.2822  4.47752427E-06  2.76667986E-08
  12727.1641  4.42893406E-06  2.70789648E-08
  12796.4219  4.38087E-06  2.65037645E-08
  12866.0566  4.33333207E-06  2.59406381E-08
  12936.0693  4.28631301E-06  2.53895109E-08
  13006.4639  4.23980464E-06  2.48501593E-08
  13077.2422  4.19380331E-06  2.43222225E-08
  13148.4043  4.14830401E-06  2.38055957E-08
  13219.9531  4.10329903E-06  2.33000108E-08
  13291.8926  4.05878291E-06  2.28049739E-08
  13364.2236  4.01474927E-06  2.23203784E-08
  13436.9482  3.97119356E-06  2.1846235E-08
  13510.0684  3.92811626E-06  2.13821423E-08
  13583.5859  3.88550734E-06  2.09279936E-08
  13657.5029  3.8433609E-06  2.04836397E-08
  13731.8242  3.80167558E-06  2.00485157E-08
  13806.5479  3.76044454E-06  1.96227177E-08
  13881.6797  3.71965984E-06  1.92060288E-08
  13957.2188  3.67932012E-06  1.87980866E-08
  14033.1709  3.63941581E-06  1.83988345E-08
  14109.5352  3.59994579E-06  1.80081692E-08
  14186.3145  3.56090436E-06  1.76258474E-08
  14263.5127  3.52228517E-06  1.72516987E-08
  14341.1299  3.48408594E-06  1.6885636E-08
  14419.1699  3.44630507E-06  1.65270606E-08
  14497.6357  3.40893416E-06  1.61761804E-08
  14576.5273  3.37196934E-06  1.58328817E-08
  14655.8486  3.33541038E-06  1.54968092E-08
  14735.6016  3.29924728E-06  1.51679949E-08
  14815.7881  3.26347731E-06  1.48462345E-08
  14896.4111  3.22809524E-06  1.45312002E-08
  14977.4736  3.19309652E-06  1.42229242E-08
  15058.9766  3.15847774E-06  1.39211362E-08
  15140.9229  3.12423958E-06  1.36256597E-08
  15223.3154  3.09037205E-06  1.33365194E-08
  15306.1562  3.05687172E-06  1.3053624E-08
  15389.4482  3.02373451E-06  1.27766553E-08
  15473.1924  2.990957E-06  1.25056845E-08
  15557.3936  2.95853511E-06  1.22404922E-08
  15642.0518  2.92646928E-06  1.19808234E-08
  15727.1719  2.89475088E-06  1.1726776E-08
  15812.7539  2.86337672E-06  1.14781589E-08
  15898.8027  2.83234272E-06  1.12348006E-08
  15985.3193  2.801645E-06  1.09966711E-08
  16072.3057  2.77128152E-06  1.07636655E-08
  16159.7676  2.74124909E-06  1.05355378E-08
  16247.7031  2.71154317E-06  1.03123581E-08
  16336.1191  2.68215877E-06  1.00939275E-08
  16425.0156  2.65309291E-06  9.88009763E-09
  16514.3965  2.62434219E-06  9.67090141E-09
  16604.2617  2.59590502E-06  9.46616741E-09
  16694.6191  2.56777776E-06  9.26578281E-09
  16785.4648  2.53995654E-06  9.0697112E-09
  16876.8066  2.51243614E-06  8.87783358E-09
  16968.6445  2.48521474E-06  8.69004779E-09
  17060.9844  2.45828733E-06  8.50630233E-09
  17153.8242  2.43165368E-06  8.3264764E-09
  17247.1719  2.40531062E-06  8.15042522E-09
  17341.0234  2.3792536E-06  7.97819943E-09
  17435.3887  2.35347807E-06  7.80962761E-09
  17530.2676  2.3279822E-06  7.64463692E-09
  17625.6621  2.3027626E-06  7.48323004E-09
  17721.5762  2.27781811E-06  7.32524486E-09
  17818.0117  2.25314557E-06  7.17063697E-09
  17914.9727  2.22874041E-06  7.01936154E-09
  18012.4609  2.2045997E-06  6.87129731E-09
  18110.4785  2.18072091E-06  6.72640077E-09
  18209.0293  2.15710088E-06  6.58462795E-09
  18308.1191  2.13373619E-06  6.44587361E-09
  18407.7461  2.11062479E-06  6.31006847E-09
  18507.916  2.08776396E-06  6.17721652E-09
  18608.6309  2.06515233E-06  6.04715256E-09
  18709.8926  2.0427874E-06  5.91987437E-09
  18811.707  2.02066417E-06  5.79534198E-09
  18914.0742  1.99878332E-06  5.67345104E-09
  19017.  1.97714007E-06  5.55418511E-09
  19120.4844  1.95573102E-06  5.43749579E-09
  19224.5332  1.93455389E-06  5.32328359E-09
  19329.1465  1.91360664E-06  5.21151655E-09
  19434.3301  1.89288573E-06  5.10218179E-09
  19540.0859  1.87238925E-06  4.99512876E-09
  19646.418  1.85211491E-06  4.89037211E-09
  19753.3281  1.83206021E-06  4.78789897E-09
  19860.8184  1.81222515E-06  4.68757344E-09
  19968.8965  1.79260462E-06  4.58941374E-09
  20077.5605  1.77319703E-06  4.49327375E-09
  20186.8164  1.7540001E-06  4.39914816E-09
  20296.6699  1.73501053E-06  4.30705027E-09
  20407.1152  1.7162273E-06  4.21695256E-09
  20518.166  1.69764678E-06  4.12879197E-09
  20629.8203  1.67926726E-06  4.04253386E-09
  20742.0801  1.66108737E-06  3.9581538E-09
  20854.9531  1.64310597E-06  3.87556121E-09
  20968.4414  1.62531944E-06  3.79475695E-09
  21082.5449  1.60772572E-06  3.71571285E-09
  21197.2695  1.59032288E-06  3.63834474E-09
  21312.6191  1.57310831E-06  3.56265817E-09
  21428.5957  1.55608041E-06  3.48860718E-09
  21545.2051  1.53923861E-06  3.41614848E-09
  21662.4473  1.52257951E-06  3.34525296E-09
  21780.3262  1.50610094E-06  3.27589955E-09
  21898.8496  1.48980007E-06  3.20801585E-09
  22018.0176  1.47367564E-06  3.14160298E-09
  22137.832  1.45772617E-06  3.07663295E-09
  22258.3008  1.44194928E-06  3.01303427E-09
  22379.4238  1.42634326E-06  2.9508187E-09
  22501.2051  1.41090663E-06  2.88994451E-09
  22623.6504  1.39563883E-06  2.83037371E-09
  22746.7617  1.3805361E-06  2.77209899E-09
  22870.543  1.36559686E-06  2.71507528E-09
  22994.9961  1.3508195E-06  2.65926858E-09
  23120.1309  1.33620142E-06  2.60466471E-09
  23245.9434  1.32174205E-06  2.55124388E-09
  23372.4395  1.30743933E-06  2.4989617E-09
  23499.627  1.29329123E-06  2.44781129E-09
  23627.5039  1.27929695E-06  2.39776599E-09
  23756.0781  1.26545524E-06  2.34878539E-09
  23885.3516  1.25176348E-06  2.30086861E-09
  24015.3301  1.23821951E-06  2.25397745E-09
  24146.0137  1.22482277E-06  2.20809282E-09
  24277.4082  1.21157075E-06  2.16319651E-09
  24409.5195  1.19846266E-06  2.11926232E-09
  24542.3496  1.18549747E-06  2.07626782E-09
  24675.9023  1.17267268E-06  2.03419948E-09
  24810.1797  1.15998671E-06  1.99303685E-09
  24945.1914  1.14743762E-06  1.95275129E-09
  25080.9336  1.13502472E-06  1.91333926E-09
  25217.416  1.12274597E-06  1.87476834E-09
  25354.6426  1.11060012E-06  1.83702153E-09
  25492.6172  1.09858559E-06  1.80009241E-09
  25631.3379  1.08670167E-06  1.76394865E-09
  25770.8164  1.07494589E-06  1.72857817E-09
  25911.0547  1.06331731E-06  1.69396785E-09
  26052.0547  1.05181527E-06  1.66010095E-09
  26193.8223  1.04043841E-06  1.62695746E-09
  26336.3613  1.02918443E-06  1.59452829E-09
  26479.6777  1.01805233E-06  1.56279134E-09
  26623.7715  1.00704074E-06  1.53172941E-09
  26768.6504  9.96148401E-07  1.5013395E-09
  26914.3164  9.85373845E-07  1.47159496E-09
  27060.7773  9.74715817E-07  1.4424878E-09
  27208.0352  9.64173182E-07  1.41400924E-09
  27356.0918  9.53745484E-07  1.38613065E-09
  27504.9551  9.43431075E-07  1.35884937E-09
  27654.6289  9.33228307E-07  1.33215206E-09
  27805.1191  9.23135588E-07  1.3060234E-09
  27956.4238  9.13152348E-07  1.28045152E-09
  28108.5566  9.03276714E-07  1.25542854E-09
  28261.5156  8.93508002E-07  1.23093946E-09
  28415.3066  8.83844962E-07  1.20697219E-09
  28569.9336  8.74286513E-07  1.18352184E-09
  28725.4023  8.648326E-07  1.16056165E-09
  28881.7168  8.55481119E-07  1.13809295E-09
  29038.8828  8.46230762E-07  1.11610476E-09
  29196.9043  8.37079313E-07  1.09457876E-09
  29355.7852  8.28026771E-07  1.07351417E-09
  29515.5312  8.19071943E-07  1.0528991E-09
  29676.1465  8.10216079E-07  1.03272146E-09
  29837.6348  8.01456281E-07  1.01297337E-09
  30000.002  7.9279107E-07  9.93649496E-10