 2000.  0.000103345214  3.18475031E-05
  2010.8833  0.000103005143  3.12648262E-05
  2021.82605  0.000102589554  3.06918155E-05
  2032.82837  0.000102122161  3.012864E-05
  2043.89026  0.000101652928  2.95758036E-05
  2055.01245  0.000101127953  2.90328117E-05
  2066.19531  0.000100571611  2.84996004E-05
  2077.43896  0.000100015459  2.79762044E-05
  2088.74365  9.94161164E-05  2.74571157E-05
  2100.11011  9.87974781E-05  2.69451648E-05
  2111.53809  9.81806297E-05  2.64427654E-05
  2123.02881  9.75283983E-05  2.59487206E-05
  2134.58154  9.68645109E-05  2.54635634E-05
  2146.19727  9.6203592E-05  2.49874756E-05
  2157.87622  9.55140567E-05  2.45190367E-05
  2169.6189  9.48185334E-05  2.40589998E-05
  2181.42529  9.41269027E-05  2.3607603E-05
  2193.2959  9.34124037E-05  2.31630929E-05
  2205.2312  9.26960129E-05  2.27265828E-05
  2217.23145  9.19842278E-05  2.22982817E-05
  2229.29688  9.1253678E-05  2.18773403E-05
  2241.42822  9.05241177E-05  2.14642168E-05
  2253.62549  8.97996724E-05  2.10588933E-05
  2265.88892  8.90598458E-05  2.06599107E-05
  2278.21924  8.83231114E-05  2.02683332E-05
  2290.61646  8.75919213E-05  1.98841826E-05
  2303.08154  8.68486968E-05  1.95060456E-05
  2315.61426  8.61101653E-05  1.91350409E-05
  2328.21509  8.53774691E-05  1.87710921E-05
  2340.88452  8.46338589E-05  1.8413295E-05
  2353.6228  8.38960477E-05  1.80623083E-05
  2366.43066  8.31639336E-05  1.77179718E-05
  2379.30811  8.24240051E-05  1.7378823E-05
  2392.25562  8.16903557E-05  1.7046179E-05
  2405.27344  8.09620833E-05  1.67198596E-05
  2418.3623  8.02283103E-05  1.63992154E-05
  2431.52246  7.95009328E-05  1.60847158E-05
  2444.75391  7.87787139E-05  1.57761424E-05
  2458.05762  7.80532137E-05  1.54726094E-05
  2471.43359  7.73342181E-05  1.51749082E-05
  2484.88232  7.6620141E-05  1.48828231E-05
  2498.40454  7.59044124E-05  1.45957101E-05
  2512.  7.51952248E-05  1.43141388E-05
  2525.66968  7.4490832E-05  1.40379125E-05
  2539.41357  7.37862501E-05  1.37666821E-05
  2553.23242  7.3088202E-05  1.35006776E-05
  2567.12622  7.23948106E-05  1.32395862E-05
  2581.0957  7.17023067E-05  1.29828077E-05
  2595.14136  7.10163004E-05  1.27310077E-05
  2609.26343  7.03347469E-05  1.24839717E-05
  2623.46216  6.96546849E-05  1.22414349E-05
  2637.73828  6.89811059E-05  1.20036102E-05
  2652.09229  6.83120452E-05  1.17702584E-05
  2666.52393  6.76455529E-05  1.15411895E-05
  2681.03467  6.69854708E-05  1.13165734E-05
  2695.62378  6.63298124E-05  1.109601E-05
  2710.29248  6.56772099E-05  1.08792037E-05
  2725.0415  6.50309521E-05  1.0666633E-05
  2739.87012  6.43890162E-05  1.04581177E-05
  2754.77979  6.37505727E-05  1.02535305E-05
  2769.77026  6.3118423E-05  1.00529551E-05
  2784.84277  6.24904715E-05  9.85612678E-06
  2799.99707  6.1866398E-05  9.66295102E-06
  2815.23364  6.12485164E-05  9.47356511E-06
  2830.55347  6.06348585E-05  9.28764712E-06
  2845.95654  6.00254498E-05  9.10514518E-06
  2861.44336  5.94221419E-05  8.92622484E-06
  2877.0144  5.88229377E-05  8.75067326E-06
  2892.67041  5.82281573E-05  8.57845043E-06
  2908.41162  5.76393686E-05  8.40961729E-06
  2924.23828  5.70545853E-05  8.24384097E-06
  2940.15088  5.64743968E-05  8.08115055E-06
  2956.15063  5.59000655E-05  7.92166156E-06
  2972.23682  5.5329896E-05  7.76521301E-06
  2988.41089  5.47645577E-05  7.61179581E-06
  3004.6731  5.42049747E-05  7.46139585E-06
  3021.02344  5.36493717E-05  7.31378123E-06
  3037.46313  5.30986217E-05  7.16897921E-06
  3053.99194  5.25535252E-05  7.02704574E-06
  3070.61108  5.20123031E-05  6.8877207E-06
  3087.32031  5.14760031E-05  6.75106639E-06
  3104.12085  5.09452038E-05  6.61713375E-06
  3121.01245  5.04182317E-05  6.48574542E-06
  3137.99585  4.98961963E-05  6.35694551E-06
  3155.07227  4.93795451E-05  6.23069127E-06
  3172.24121  4.88666628E-05  6.10669849E-06
  3189.50342  4.83587282E-05  5.98512679E-06
  3206.85986  4.78560578E-05  5.86596389E-06
  3224.31055  4.73572691E-05  5.74904652E-06
  3241.85645  4.68634353E-05  5.63442609E-06
  3259.49756  4.63747565E-05  5.52209167E-06
  3277.23486  4.58897957E-05  5.41188092E-06
  3295.0686  4.54097535E-05  5.30384796E-06
  3312.99951  4.49347172E-05  5.19797959E-06
  3331.02783  4.44631805E-05  5.09396841E-06
  3349.1543  4.39964824E-05  4.99203088E-06
  3367.37939  4.35346847E-05  4.89212562E-06
  3385.70361  4.30765358E-05  4.79414757E-06
  3404.12769  4.26231709E-05  4.69813813E-06
  3422.6521  4.21745499E-05  4.60403999E-06
  3441.2771  4.17294941E-05  4.51168307E-06
  3460.00342  4.12891422E-05  4.42117289E-06
  3478.83179  4.0853356E-05  4.33247487E-06
  3497.76245  4.04211933E-05  4.24541713E-06
  3516.79639  3.99935925E-05  4.16010835E-06
  3535.93384  3.95704119E-05  4.07651305E-06
  3555.17529  3.91508911E-05  3.99453029E-06
  3574.52148  3.87358159E-05  3.91420326E-06
  3593.9729  3.83250044E-05  3.83545785E-06
  3613.53052  3.79177836E-05  3.75814784E-06
  3633.19385  3.75149029E-05  3.68240444E-06
  3652.96484  3.71161368E-05  3.60816648E-06
  3672.84326  3.67209868E-05  3.53537757E-06
  3692.82983  3.63300423E-05  3.46405136E-06
  3712.92505  3.59430742E-05  3.39415237E-06
  3733.12964  3.5559664E-05  3.3256058E-06
  3753.44409  3.51803392E-05  3.25844849E-06
  3773.86963  3.48048634E-05  3.19260289E-06
  3794.40576  3.44329455E-05  3.12799466E-06
  3815.05371  3.40649967E-05  3.06469883E-06
  3835.81421  3.3700795E-05  3.00266652E-06
  3856.6875  3.33401222E-05  2.94186975E-06
  3877.67456  3.29833056E-05  2.88229944E-06
  3898.77588  3.26300797E-05  2.82390033E-06
  3919.9917  3.22802589E-05  2.76663241E-06
  3941.323  3.19341852E-05  2.71052158E-06
  3962.77075  3.15916332E-05  2.65552535E-06
  3984.33496  3.12525081E-05  2.60160346E-06
  4006.01636  3.09170209E-05  2.54878069E-06
  4027.81641  3.05849244E-05  2.49700679E-06
  4049.73413  3.02561839E-05  2.44626358E-06
  4071.77173  2.9930965E-05  2.3965556E-06
  4093.9292  2.96090311E-05  2.34780896E-06
  4116.20703  2.92903587E-05  2.30001524E-06
  4138.60596  2.89751188E-05  2.25319104E-06
  4161.12744  2.86630402E-05  2.20730931E-06
  4183.771  2.83541522E-05  2.16234798E-06
  4206.5376  2.80485947E-05  2.11830275E-06
  4229.42871  2.77461659E-05  2.0751288E-06
  4252.44385  2.74468966E-05  2.03281274E-06
  4275.58398  2.71508634E-05  1.99136343E-06
  4298.85107  2.68578078E-05  1.95071971E-06
  4322.24414  2.656781E-05  1.91088884E-06
  4345.76465  2.62809408E-05  1.87186811E-06
  4369.41309  2.59969656E-05  1.83362624E-06
  4393.18994  2.57159609E-05  1.79616052E-06
  4417.09619  2.54379956E-05  1.75945763E-06
  4441.13281  2.51629044E-05  1.72347063E-06
  4465.30029  2.48907381E-05  1.68820304E-06
  4489.59912  2.46215168E-05  1.65366009E-06
  4514.02979  2.4354993E-05  1.61979779E-06
  4538.59424  2.40912796E-05  1.58662147E-06
  4563.29199  2.38304256E-05  1.55412772E-06
  4588.12402  2.35722637E-05  1.52227494E-06
  4613.09082  2.33168703E-05  1.49107291E-06
  4638.19385  2.30642381E-05  1.46050775E-06
  4663.43408  2.28142035E-05  1.43053126E-06
  4688.81104  2.25668609E-05  1.4011664E-06
  4714.32568  2.23222014E-05  1.37240238E-06
  4739.97998  2.20800484E-05  1.34421771E-06
  4765.77393  2.18405075E-05  1.31660829E-06
  4791.70752  2.16035696E-05  1.28956879E-06
  4817.78271  2.13690109E-05  1.26306327E-06
  4844.  2.11369843E-05  1.23710129E-06
  4870.35938  2.09074824E-05  1.21167545E-06
  4896.8623  2.06804234E-05  1.18674461E-06
  4923.50977  2.04558255E-05  1.16232843E-06
  4950.30225  2.02336651E-05  1.13841224E-06
  4977.24023  2.0013782E-05  1.11497684E-06
  5004.32471  1.97962891E-05  1.09202199E-06
  5031.55664  1.95811481E-05  1.06953883E-06
  5058.93701  1.93682154E-05  1.04747846E-06
  5086.46631  1.91576E-05  1.0258733E-06
  5114.14551  1.89492694E-05  1.00471448E-06
  5141.9751  1.87431651E-05  9.83982773E-07
  5169.95605  1.85393037E-05  9.63680577E-07
  5198.08984  1.83376378E-05  9.43794703E-07
  5226.37598  1.81380601E-05  9.24313781E-07
  5254.81641  1.79406525E-05  9.05236504E-07
  5283.41162  1.7745384E-05  8.86546843E-07
  5312.1626  1.75522073E-05  8.68226437E-07
  5341.06982  1.73611352E-05  8.50283357E-07
  5370.13428  1.71721331E-05  8.32710498E-07
  5399.35693  1.69851592E-05  8.15492399E-07
  5428.73877  1.68002189E-05  7.98630367E-07
  5458.28027  1.66172704E-05  7.82113318E-07
  5487.98291  1.64362573E-05  7.6592346E-07
  5517.84668  1.62572178E-05  7.50070399E-07
  5547.87305  1.60801155E-05  7.3453981E-07
  5578.06299  1.59049177E-05  7.19323623E-07
  5608.41699  1.57316281E-05  7.04421495E-07
  5638.93652  1.55601992E-05  6.89824333E-07
  5669.62207  1.53905912E-05  6.75524461E-07
  5700.47412  1.52228358E-05  6.61520346E-07
  5731.49512  1.50569022E-05  6.47803574E-07
  5762.68408  1.48927811E-05  6.34365051E-07
  5794.04248  1.47304518E-05  6.21206652E-07
  5825.57178  1.45698568E-05  6.08316952E-07
  5857.27295  1.44109763E-05  5.9569129E-07
  5889.14697  1.42538247E-05  5.83328642E-07
  5921.19336  1.4098393E-05  5.71214912E-07
  5953.41553  1.39446493E-05  5.59346631E-07
  5985.81152  1.3792589E-05  5.47724596E-07
  6018.38477  1.3642165E-05  5.3634011E-07
  6051.13525  1.34933671E-05  5.25187772E-07
  6084.06348  1.33461936E-05  5.14267413E-07
  6117.17139  1.32006226E-05  5.03572835E-07
  6150.45947  1.30566405E-05  4.93098185E-07
  6183.92871  1.2914229E-05  4.82842438E-07
  6217.57959  1.2773352E-05  4.72795932E-07
  6251.41406  1.26339983E-05  4.62956621E-07
  6285.43164  1.24961698E-05  4.53323082E-07
  6319.63525  1.23598566E-05  4.43888752E-07
  6354.0249  1.22250267E-05  4.34647745E-07
  6388.60156  1.20916102E-05  4.2557744E-07
  6423.3667  1.19596471E-05  4.16697134E-07
  6458.3208  1.18291382E-05  4.08009726E-07
  6493.46484  1.170006E-05  3.99506888E-07
  6528.80029  1.15723888E-05  3.91180606E-07
  6564.32861  1.14461081E-05  3.83023263E-07
  6600.04932  1.132121E-05  3.75035768E-07
  6635.96533  1.11976706E-05  3.67214199E-07
  6672.07617  1.10754809E-05  3.59548466E-07
  6708.38379  1.09546245E-05  3.52040757E-07
  6744.88867  1.0835086E-05  3.44689909E-07
  6781.59229  1.07168535E-05  3.37489979E-07
  6818.49561  1.05999097E-05  3.30439576E-07
  6855.6001  1.04842411E-05  3.23537051E-07
  6892.90625  1.0369813E-05  3.16776038E-07
  6930.41553  1.02566319E-05  3.10156793E-07
  6968.12891  1.01446849E-05  3.03675421E-07
  7006.04736  1.0033983E-05  2.97323965E-07
  7044.17236  9.92449077E-06  2.91105778E-07
  7082.50439  9.81619269E-06  2.85017194E-07
  7121.04492  9.70905512E-06  2.7905358E-07
  7159.7959  9.60308353E-06  2.73214312E-07
  7198.75781  9.49826881E-06  2.67497626E-07
  7237.93066  9.39462279E-06  2.61897554E-07
  7277.31738  9.29210546E-06  2.56414779E-07
  7316.91895  9.19070408E-06  2.51046771E-07
  7356.73535  9.09039136E-06  2.45786197E-07
  7396.76855  8.99117185E-06  2.40636382E-07
  7437.01953  8.89303919E-06  2.35593859E-07
  7477.48926  8.79599611E-06  2.30655928E-07
  7518.17969  8.70001077E-06  2.25821182E-07
  7559.0918  8.60507134E-06  2.21087404E-07
  7600.22607  8.51117056E-06  2.16451696E-07
  7641.58447  8.41829296E-06  2.11912891E-07
  7683.16748  8.326434E-06  2.07468901E-07
  7724.97705  8.23559094E-06  2.03115022E-07
  7767.01416  8.14574014E-06  1.98852945E-07
  7809.27979  8.05686341E-06  1.94679558E-07
  7851.77588  7.96894255E-06  1.9059253E-07
  7894.50244  7.88198213E-06  1.86591762E-07
  7937.4624  7.79597576E-06  1.82673801E-07
  7980.65576  7.71091982E-06  1.78836686E-07
  8024.08398  7.62679292E-06  1.75079933E-07
  8067.74902  7.54358825E-06  1.71401453E-07
  8111.65137  7.46130399E-06  1.67799541E-07
  8155.79199  7.37991786E-06  1.64273146E-07
  8200.17383  7.29941075E-06  1.60820505E-07
  8244.79688  7.21977176E-06  1.57439317E-07
  8289.66211  7.14100361E-06  1.54129594E-07
  8334.77246  7.06310675E-06  1.50888198E-07
  8380.12793  6.98607982E-06  1.47713791E-07
  8425.72949  6.90989282E-06  1.44606545E-07
  8471.58008  6.83452754E-06  1.41563874E-07
  8517.67969  6.75997717E-06  1.38584923E-07
  8564.03027  6.68623943E-06  1.35668529E-07
  8610.63379  6.61331342E-06  1.32812701E-07
  8657.49121  6.54118867E-06  1.30015877E-07
  8704.60254  6.46985336E-06  1.27278085E-07
  8751.9707  6.3993034E-06  1.24597364E-07
  8799.5957  6.32953015E-06  1.21972349E-07
  8847.48047  6.26051724E-06  1.19402941E-07
  8895.62598  6.19225557E-06  1.16887115E-07
  8944.03223  6.12474105E-06  1.14424395E-07
  8992.70312  6.05796049E-06  1.1201341E-07
  9041.63965  5.99190662E-06  1.09651772E-07
  9090.84082  5.92657534E-06  1.0733951E-07
  9140.31152  5.86195392E-06  1.05075834E-07
  9190.0498  5.79804873E-06  1.02859779E-07
  9240.05957  5.7348434E-06  1.00690158E-07
  9290.3418  5.6723261E-06  9.85665665E-08
  9340.89648  5.61049228E-06  9.64870424E-08
  9391.72754  5.54933104E-06  9.44512664E-08
  9442.83398  5.48883736E-06  9.24587198E-08
  9494.21875  5.42901307E-06  9.05067523E-08
  9545.88379  5.36984317E-06  8.85958826E-08
  9597.83008  5.31131764E-06  8.67252936E-08
  9650.05859  5.25344103E-06  8.48937418E-08
  9702.57129  5.19619698E-06  8.31006659E-08
  9755.37012  5.13957593E-06  8.13455401E-08
  9808.45508  5.0835738E-06  7.96269646E-08
  9861.83105  5.02817829E-06  7.7944506E-08
  9915.49609  4.97338897E-06  7.62978587E-08
  9969.45312  4.91920719E-06  7.46852535E-08
  10023.7031  4.86561748E-06  7.31068539E-08
  10078.25  4.81260986E-06  7.15616437E-08
  10133.0928  4.76017976E-06  7.00480953E-08
  10188.2344  4.70832083E-06  6.85667203E-08
  10243.6748  4.65702851E-06  6.71166447E-08
  10299.418  4.60630463E-06  6.56969874E-08
  10355.4648  4.55613235E-06  6.43073008E-08
  10411.8164  4.50650759E-06  6.29471515E-08
  10468.4746  4.45742262E-06  6.1614692E-08
  10525.4414  4.40887152E-06  6.0310505E-08
  10582.7168  4.36085338E-06  5.90340932E-08
  10640.3057  4.31337548E-06  5.77843586E-08
  10698.207  4.26641463E-06  5.65612623E-08
  10756.4229  4.21996401E-06  5.53638912E-08
  10814.957  4.17400906E-06  5.4191112E-08
  10873.8076  4.12855661E-06  5.30433759E-08
  10932.9805  4.08359983E-06  5.19198728E-08
  10992.4746  4.03914009E-06  5.0820173E-08
  11052.292  3.99516512E-06  4.97437611E-08
  11112.4355  3.95167126E-06  4.86901008E-08
  11172.9062  3.90865716E-06  4.76580695E-08
  11233.7051  3.86611191E-06  4.66480756E-08
  11294.8359  3.82403186E-06  4.56593696E-08
  11356.2998  3.78241566E-06  4.46913759E-08
  11418.0977  3.74125284E-06  4.37440697E-08
  11480.2314  3.70053817E-06  4.28166835E-08
  11542.7041  3.66026643E-06  4.19087733E-08
  11605.5156  3.62043306E-06  4.10201189E-08
  11668.6689  3.5810333E-06  4.01501623E-08
  11732.166  3.54206236E-06  3.92984028E-08
  11796.0088  3.50351547E-06  3.84647088E-08
  11860.2002  3.46539059E-06  3.76486717E-08
  11924.7402  3.42768567E-06  3.68497055E-08
  11989.6309  3.39039161E-06  3.60678349E-08
  12054.874  3.35350728E-06  3.53024276E-08
  12120.4736  3.31702745E-06  3.45531426E-08
  12186.4297  3.28094484E-06  3.38199015E-08
  12252.7451  3.24525831E-06  3.31020544E-08
  12319.4209  3.20996423E-06  3.23993952E-08
  12386.459  3.17505396E-06  3.17116751E-08
  12453.8633  3.14052272E-06  3.10383719E-08
  12521.6328  3.10636801E-06  3.03791339E-08
  12589.7725  3.0725837E-06  2.97339664E-08
  12658.2822  3.0391675E-06  2.9102468E-08
  12727.1641  3.00611464E-06  2.84842994E-08
  12796.4219  2.97342081E-06  2.78793717E-08
  12866.0566  2.94108713E-06  2.72870864E-08
  12936.0693  2.90910793E-06  2.67073652E-08
  13006.4639  2.87747639E-06  2.6139988E-08
  13077.2422  2.8461925E-06  2.55845869E-08
  13148.4043  2.81525172E-06  2.50410448E-08
  13219.9531  2.78464768E-06  2.45090757E-08
  13291.8926  2.75437583E-06  2.39881484E-08
  13364.2236  2.72443253E-06  2.34781599E-08
  13436.9482  2.69481507E-06  2.29791297E-08
  13510.0684  2.66552456E-06  2.24906564E-08
  13583.5859  2.63655397E-06  2.2012614E-08
  13657.5029  2.60789875E-06  2.15448441E-08
  13731.8242  2.5795589E-06  2.10867448E-08
  13806.5479  2.55152895E-06  2.06384208E-08
  13881.6797  2.523803E-06  2.01996588E-08
  13957.2188  2.49637878E-06  1.97700736E-08
  14033.1709  2.46925197E-06  1.93496064E-08
  14109.5352  2.44242028E-06  1.89381542E-08
  14186.3145  2.41588054E-06  1.85354558E-08
  14263.5127  2.38962843E-06  1.81413427E-08
  14341.1299  2.36366259E-06  1.77557169E-08
  14419.1699  2.33798301E-06  1.73779426E-08
  14497.6357  2.31258309E-06  1.70082473E-08
  14576.5273  2.28745944E-06  1.66465153E-08
  14655.8486  2.26261363E-06  1.62923612E-08
  14735.6016  2.23803772E-06  1.59458349E-08
  14815.7881  2.2137292E-06  1.56067195E-08
  14896.4111  2.18968466E-06  1.52746669E-08
  14977.4736  2.16590092E-06  1.49497144E-08
  15058.9766  2.14237593E-06  1.46316168E-08
  15140.9229  2.11911151E-06  1.43201602E-08
  15223.3154  2.09609948E-06  1.40153613E-08
  15306.1562  2.07333755E-06  1.3717127E-08
  15389.4482  2.05082233E-06  1.34251215E-08
  15473.1924  2.02855222E-06  1.31394202E-08
  15557.3936  2.00652403E-06  1.28597932E-08
  15642.0518  1.98473958E-06  1.25859652E-08
  15727.1719  1.96319138E-06  1.23180506E-08
  15812.7539  1.94187714E-06  1.20558452E-08
  15898.8027  1.92079438E-06  1.17991652E-08
  15985.3193  1.89994034E-06  1.15479892E-08
  16072.3057  1.87931414E-06  1.13021983E-08
  16159.7676  1.85891463E-06  1.10615348E-08
  16247.7031  1.83873715E-06  1.08260796E-08
  16336.1191  1.81877829E-06  1.05956213E-08
  16425.0156  1.79903623E-06  1.03699991E-08
  16514.3965  1.77950824E-06  1.01492565E-08
  16604.2617  1.76019398E-06  9.93320981E-09
  16694.6191  1.74109164E-06  9.7217363E-09
  16785.4648  1.72219723E-06  9.51480672E-09
  16876.8066  1.70350756E-06  9.31229049E-09
  16968.6445  1.68502095E-06  9.11408282E-09
  17060.9844  1.66673453E-06  8.92012952E-09
  17153.8242  1.64864844E-06  8.7303027E-09
  17247.1719  1.63076072E-06  8.54444693E-09
  17341.0234  1.61306764E-06  8.36262171E-09
  17435.3887  1.59556589E-06  8.1846423E-09
  17530.2676  1.57825411E-06  8.01043143E-09
  17625.6621  1.56113015E-06  7.83999887E-09
  17721.5762  1.54419399E-06  7.67317321E-09
  17818.0117  1.52744337E-06  7.50990292E-09
  17914.9727  1.51087431E-06  7.35014893E-09
  18012.4609  1.49448499E-06  7.19377624E-09
  18110.4785  1.4782737E-06  7.04073821E-09
  18209.0293  1.46223829E-06  6.89099711E-09
  18308.1191  1.44637647E-06  6.74443434E-09
  18407.7461  1.43068689E-06  6.60097976E-09
  18507.916  1.4151675E-06  6.46064358E-09
  18608.6309  1.39981842E-06  6.32324149E-09
  18709.8926  1.38463747E-06  6.18877705E-09
  18811.707  1.36962069E-06  6.05720984E-09
  18914.0742  1.35476921E-06  5.92842797E-09
  19017.  1.34007962E-06  5.80241277E-09
  19120.4844  1.32554942E-06  5.67912029E-09
  19224.5332  1.31117679E-06  5.55843727E-09
  19329.1465  1.29696002E-06  5.44033529E-09
  19434.3301  1.28289753E-06  5.32480282E-09
  19540.0859  1.26898726E-06  5.21167154E-09
  19646.418  1.25522786E-06  5.10096454E-09
  19753.3281  1.24161761E-06  4.99267072E-09
  19860.8184  1.22815754E-06  4.88661334E-09
  19968.8965  1.21484356E-06  4.78284168E-09
  20077.5605  1.20167431E-06  4.6812394E-09
  20186.8164  1.18864762E-06  4.58180205E-09
  20296.6699  1.17576201E-06  4.48451187E-09
  20407.1152  1.16301658E-06  4.38933423E-09
  20518.166  1.15040893E-06  4.29620339E-09
  20629.8203  1.13793783E-06  4.20508339E-09
  20742.0801  1.12560247E-06  4.1159498E-09
  20854.9531  1.11340262E-06  4.02870093E-09
  20968.4414  1.10133544E-06  3.94334521E-09
  21082.5449  1.08939901E-06  3.85984977E-09
  21197.2695  1.07759217E-06  3.77812359E-09
  21312.6191  1.06591324E-06  3.69817732E-09
  21428.5957  1.05436084E-06  3.61996078E-09
  21545.2051  1.04293599E-06  3.543426E-09
  21662.4473  1.03163507E-06  3.46854567E-09
  21780.3262  1.02045681E-06  3.3952976E-09
  21898.8496  1.0093994E-06  3.32360184E-09
  22018.0176  9.98461701E-07  3.25346305E-09
  22137.832  9.8764292E-07  3.18485127E-09
  22258.3008  9.76940896E-07  3.11768789E-09
  22379.4238  9.6635506E-07  3.05198977E-09
  22501.2051  9.55884275E-07  2.98770964E-09
  22623.6504  9.45528939E-07  2.92480906E-09
  22746.7617  9.35285755E-07  2.86328028E-09
  22870.543  9.25153529E-07  2.80307599E-09
  22994.9961  9.15131182E-07  2.74415779E-09
  23120.1309  9.0521695E-07  2.68651434E-09
  23245.9434  8.95410551E-07  2.63012279E-09
  23372.4395  8.85710278E-07  2.5749356E-09
  23499.627  8.76115109E-07  2.52094723E-09
  23627.5039  8.66624418E-07  2.4681297E-09
  23756.0781  8.57238035E-07  2.41643816E-09
  23885.3516  8.47953402E-07  2.36587439E-09
  24015.3301  8.38769154E-07  2.31639619E-09
  24146.0137  8.29684495E-07  2.26798313E-09
  24277.4082  8.2069829E-07  2.22061747E-09
  24409.5195  8.11810082E-07  2.17427032E-09
  24542.3496  8.03019191E-07  2.12891793E-09
  24675.9023  7.94323682E-07  2.0845472E-09
  24810.1797  7.85722364E-07  2.0411357E-09
  24945.1914  7.77214041E-07  1.99865258E-09
  25080.9336  7.68798031E-07  1.95709604E-09
  25217.416  7.60473085E-07  1.91643013E-09
  25354.6426  7.52238179E-07  1.87663707E-09
  25492.6172  7.44092404E-07  1.83771109E-09
  25631.3379  7.36035076E-07  1.79961646E-09
  25770.8164  7.28064776E-07  1.76234061E-09
  25911.0547  7.20180878E-07  1.72587111E-09
  26052.0547  7.12383212E-07  1.69018954E-09
  26193.8223  7.04670811E-07  1.65527447E-09
  26336.3613  6.97041912E-07  1.62111691E-09
  26479.6777  6.8949555E-07  1.5876922E-09
  26623.7715  6.8203093E-07  1.55498314E-09
  26768.6504  6.7464714E-07  1.5229864E-09
  26914.3164  6.67343329E-07  1.49167367E-09
  27060.7773  6.60118474E-07  1.46103651E-09
  27208.0352  6.52971892E-07  1.43106604E-09
  27356.0918  6.45903754E-07  1.40173106E-09
  27504.9551  6.38912638E-07  1.37302925E-09
  27654.6289  6.31997182E-07  1.34494682E-09
  27805.1191  6.25156417E-07  1.31746691E-09
  27956.4238  6.18390004E-07  1.2905772E-09
  28108.5566  6.11696521E-07  1.2642698E-09
  28261.5156  6.0507557E-07  1.23852817E-09
  28415.3066  5.98526356E-07  1.21333987E-09
  28569.9336  5.92048082E-07  1.18869992E-09
  28725.4023  5.85640976E-07  1.1645791E-09
  28881.7168  5.79303503E-07  1.14097976E-09
  29038.8828  5.7303464E-07  1.11789011E-09
  29196.9043  5.66832398E-07  1.09528975E-09
  29355.7852  5.6069706E-07  1.0731791E-09
  29515.5312  5.54628173E-07  1.0515453E-09
  29676.1465  5.48626929E-07  1.03037501E-09
  29837.6348  5.42691055E-07  1.00966036E-09
  30000.002  5.36819357E-07  9.89395676E-10