% W Density=19.3
% Energy(eV), Delta, Beta
  2000.  0.000481581374  0.000389543915
  2010.8833  0.000483539334  0.000382397993
  2021.82605  0.000485398748  0.000375383213
  2032.82837  0.000486526114  0.000368470792
  2043.89026  0.000487187295  0.000361670041
  2055.01245  0.000487547804  0.00035499566
  2066.19531  0.000487230544  0.00034844593
  2077.43896  0.000486862991  0.000342017476
  2088.74365  0.000485838129  0.00033570698
  2100.11011  0.000484681892  0.000329512841
  2111.53809  0.000483187265  0.00032343468
  2123.02881  0.000481344818  0.000317470025
  2134.58154  0.000479455019  0.000311615528
  2146.19727  0.000476976245  0.000305863679
  2157.87622  0.000474494998  0.000300217915
  2169.6189  0.000471524254  0.000294678321
  2181.42529  0.000468387268  0.000289241725
  2193.2959  0.000465021905  0.000283905567
  2205.2312  0.000461052463  0.000278667896
  2217.23145  0.000457114598  0.000273526704
  2229.29688  0.000451755419  0.000268479489
  2241.42822  0.000446360646  0.000263525319
  2253.62549  0.000436509174  0.000258661632
  2265.88892  0.000423047139  0.000253886974
  2278.21924  0.000395870506  0.000249200297
  2290.61646  0.000388935965  0.000284917449
  2303.08154  0.000422765152  0.000279432919
  2315.61426  0.000431829016  0.000274054153
  2328.21509  0.000433425041  0.000268778822
  2340.88452  0.000434296584  0.000263604365
  2353.6228  0.000433663954  0.000258527871
  2366.43066  0.000432994217  0.000253549078
  2379.30811  0.000431442022  0.000248670898
  2392.25562  0.000429833715  0.000243886883
  2405.27344  0.000427893334  0.000239193425
  2418.3623  0.000425696693  0.000234588966
  2431.52246  0.000423412304  0.00023007307
  2444.75391  0.000420771103  0.000225644064
  2458.05762  0.000418137468  0.000221300303
  2471.43359  0.000415184099  0.000217043722
  2484.88232  0.000412153895  0.000212870189
  2498.40454  0.000408931635  0.000208775295
  2512.  0.000405419647  0.000204756914
  2525.66968  0.000401935744  0.000200815834
  2539.41357  0.000397252647  0.000196953813
  2553.23242  0.000392593764  0.000193166052
  2567.12622  0.000378351659  0.000189451195
  2581.0957  0.000373210816  0.000198542053
  2595.14136  0.000384145591  0.000194799664
  2609.26343  0.00038303624  0.000191127911
  2623.46216  0.000381906168  0.000187525366
  2637.73828  0.000379871373  0.000183993048
  2652.09229  0.000377646415  0.000180527597
  2666.52393  0.000375238713  0.000177129012
  2681.03467  0.000372614624  0.000173795896
  2695.62378  0.000369991147  0.000170525513
  2710.29248  0.000367101573  0.000167314662
  2725.0415  0.000364231149  0.00016416423
  2739.87012  0.000361174752  0.000161073534
  2754.77979  0.000358039571  0.000158041017
  2769.77026  0.000354760239  0.000155065965
  2784.84277  0.000351008755  0.00015214739
  2799.99707  0.000347297027  0.000149283762
  2815.23364  0.000336237019  0.000146473772
  2830.55347  0.00033705958  0.000150235064
  2845.95654  0.000339424994  0.000147510174
  2861.44336  0.000337539212  0.000144834805
  2877.0144  0.000335620833  0.000142207646
  2892.67041  0.000333227828  0.000139622731
  2908.41162  0.000330847368  0.000137084848
  2924.23828  0.000328360737  0.000134592032
  2940.15088  0.000325824949  0.00013214405
  2956.15063  0.000323277607  0.000129738837
  2972.23682  0.00032066807  0.000127372958
  2988.41089  0.000318077073  0.000125050239
  3004.6731  0.000315435784  0.00012276895
  3021.02344  0.000312807009  0.000120529396
  3037.46313  0.000310167467  0.000118327975
  3053.99194  0.000307519746  0.00011616449
  3070.61108  0.000304887973  0.000114040253
  3087.32031  0.000302231434  0.00011195043
  3104.12085  0.000299596577  0.000109899061
  3121.01245  0.000296952319  0.000107883745
  3137.99585  0.000294317608  0.000105905026
  3155.07227  0.000291694392  0.000103962055
  3172.24121  0.000289068266  0.000102053928
  3189.50342  0.000286464812  0.00010018098
  3206.85986  0.000283853762  9.83376231E-05
  3224.31055  0.000281262823  9.65279542E-05
  3241.85645  0.000278678082  9.47514782E-05
  3259.49756  0.000276103499  9.30077513E-05
  3277.23486  0.000273548649  9.1295864E-05
  3295.0686  0.000270994176  8.96128477E-05
  3312.99951  0.0002684629  8.79609797E-05
  3331.02783  0.000265936193  8.63382447E-05
  3349.1543  0.000263427472  8.47452466E-05
  3367.37939  0.000260934408  8.3181003E-05
  3385.70361  0.000258450455  8.16447573E-05
  3404.12769  0.000255989667  8.01369824E-05
  3422.6521  0.000253532868  7.86541714E-05
  3441.2771  0.000251098332  7.71987907E-05
  3478.83179  0.00024627024  7.43693527E-05
  3497.76245  0.000243883755  7.29931271E-05
  3516.79639  0.000241506874  7.16393115E-05
  3535.93384  0.000239152869  7.03107216E-05
  3555.17529  0.000236808846  6.90065863E-05
  3574.52148  0.000234484134  6.77267235E-05
  3593.9729  0.000232176375  6.64701292E-05
  3613.53052  0.000229882949  6.52363451E-05
  3633.19385  0.000227611905  6.40255603E-05
  3652.96484  0.000225350217  6.28356574E-05
  3672.84326  0.000223110779  6.16679463E-05
  3692.82983  0.000220885719  6.05216919E-05
  3712.92505  0.000218678397  5.93967306E-05
  3733.12964  0.000216490807  5.82922403E-05
  3753.44409  0.000214316213  5.72070057E-05
  3773.86963  0.00021216333  5.61418638E-05
  3794.40576  0.000210022947  5.5096134E-05
  3815.05371  0.000207902398  5.40698602E-05
  3835.81421  0.000205799093  5.30624711E-05
  3856.6875  0.000203711461  5.20737303E-05
  3877.67456  0.000201644682  5.1103314E-05
  3898.77588  0.000199590781  5.01502363E-05
  3919.9917  0.000197557732  4.92150066E-05
  3941.323  0.000195539673  4.82962751E-05
  3962.77075  0.000193539352  4.73943437E-05
  3984.33496  0.000191557527  4.65090561E-05
  4006.01636  0.000189589977  4.56399648E-05
  4027.81641  0.000187642523  4.47870261E-05
  4049.73413  0.000185709025  4.39497235E-05
  4071.77173  0.000183794284  4.31280714E-05
  4093.9292  0.000181896001  4.23213169E-05
  4116.20703  0.000180014016  4.15293107E-05
  4138.60596  0.000178151022  4.0752042E-05
  4161.12744  0.000176301328  3.99890232E-05
  4183.771  0.000174470872  3.92402544E-05
  4206.5376  0.000172655549  3.8505299E-05
  4229.42871  0.000170857253  3.77840479E-05
  4252.44385  0.000169075938  3.70760099E-05
  4275.58398  0.000167309612  3.63807776E-05
  4298.85107  0.000165561622  3.56985147E-05
  4322.24414  0.000163827295  3.50287519E-05
  4345.76465  0.00016211062  3.43714819E-05
  4369.41309  0.000160409429  3.37263336E-05
  4393.18994  0.000158723778  3.3093158E-05
  4417.09619  0.000157055314  3.24717876E-05
  4441.13281  0.000155400645  3.18618513E-05
  4465.30029  0.000153763423  3.12633201E-05
  4489.59912  0.000152140361  3.06757829E-05
  4514.02979  0.00015053332  3.00991287E-05
  4538.59424  0.000148941836  2.95331502E-05
  4563.29199  0.000147364699  2.89775799E-05
  4588.12402  0.000145804239  2.84324196E-05
  4613.09082  0.000144256861  2.78973384E-05
  4638.19385  0.000142725738  2.73722744E-05
  4663.43408  0.000141208977  2.68568838E-05
  4688.81104  0.000139706957  2.63510938E-05
  4714.32568  0.000138220392  2.58547498E-05
  4739.97998  0.000136746894  2.53675589E-05
  4765.77393  0.000135289127  2.48895049E-05
  4791.70752  0.000133844573  2.44202747E-05
  4817.78271  0.000132414832  2.39597848E-05
  4844.  0.000130999208  2.35078442E-05
  4870.35938  0.000129596912  2.30642418E-05
  4896.8623  0.000128209635  2.26289703E-05
  4923.50977  0.000126834595  2.22017261E-05
  4950.30225  0.000125474311  2.17825127E-05
  4977.24023  0.000124127095  2.13712028E-05
  5004.32471  0.000122793368  2.09676E-05
  5031.55664  0.000121473509  2.05715787E-05
  5058.93701  0.000120166056  2.01827679E-05
  5086.46631  0.000118872675  1.98013076E-05
  5114.14551  0.000117591306  1.94269469E-05
  5141.9751  0.00011632339  1.90596184E-05
  5169.95605  0.000115068287  1.86990965E-05
  5198.08984  0.000113825547  1.83451557E-05
  5226.37598  0.000112596143  1.79979143E-05
  5254.81641  0.000111378031  1.76571866E-05
  5283.41162  0.000110173089  1.73228818E-05
  5312.1626  0.000108980013  1.69947944E-05
  5341.06982  0.000107799206  1.66728187E-05
  5370.13428  0.000106630745  1.63569312E-05
  5399.35693  0.000105473577  1.60469081E-05
  5428.73877  0.000104328959  1.57427548E-05
  5458.28027  0.000103195358  1.54442314E-05
  5487.98291  0.000102073842  1.5151315E-05
  5517.84668  0.000100963771  1.48639529E-05
  5547.87305  9.98649048E-05  1.45819822E-05
  5578.06299  9.87779131E-05  1.43053558E-05
  5608.41699  9.77012896E-05  1.40336333E-05
  5638.93652  9.66364096E-05  1.37670759E-05
  5669.62207  9.55821088E-05  1.3505628E-05
  5700.47412  9.45388456E-05  1.32491441E-05
  5731.49512  9.35065036E-05  1.29974878E-05
  5762.68408  9.24845008E-05  1.27504663E-05
  5794.04248  9.14736811E-05  1.25081597E-05
  5825.57178  9.04726912E-05  1.2270285E-05
  5857.27295  8.94825207E-05  1.20369195E-05
  5889.14697  8.8502471E-05  1.18079879E-05
  5921.19336  8.7532535E-05  1.15833791E-05
  5953.41553  8.65730399E-05  1.13630358E-05
  5985.81152  8.56230399E-05  1.11467216E-05
  6018.38477  8.46834228E-05  1.09345383E-05
  6051.13525  8.37532425E-05  1.0726375E-05
  6084.06348  8.28329648E-05  1.05221761E-05
  6117.17139  8.19224006E-05  1.03218008E-05
  6150.45947  8.10210695E-05  1.01250662E-05
  6183.92871  8.01296483E-05  9.9320996E-06
  6217.57959  7.92469727E-05  9.74280283E-06
  6251.41406  7.83739379E-05  9.55710948E-06
  6285.43164  7.75099179E-05  9.37485765E-06
  6319.63525  7.66548619E-05  9.19597187E-06
  6354.0249  7.58090755E-05  9.02051579E-06
  6388.60156  7.49717001E-05  8.84841575E-06
  6423.3667  7.41435506E-05  8.67961171E-06
  6458.3208  7.33237175E-05  8.51386631E-06
  6493.46484  7.25126738E-05  8.35124592E-06
  6528.80029  7.17102157E-05  8.19173874E-06
  6564.32861  7.09159576E-05  8.03530202E-06
  6600.04932  7.01305107E-05  7.88186662E-06
  6635.96533  6.93527472E-05  7.73126885E-06
  6672.07617  6.85835912E-05  7.58355782E-06
  6708.38379  6.78223369E-05  7.43855207E-06
  6744.88867  6.70691006E-05  7.29624617E-06
  6781.59229  6.63239916E-05  7.15667147E-06
  6818.49561  6.55862677E-05  7.01975614E-06
  6855.6001  6.48567293E-05  6.88546925E-06
  6892.90625  6.41344595E-05  6.75365573E-06
  6930.41553  6.3420026E-05  6.62435514E-06
  6968.12891  6.27130794E-05  6.49752292E-06
  7006.04736  6.20133942E-05  6.37312269E-06
  7044.17236  6.1321487E-05  6.25111034E-06
  7082.50439  6.06362919E-05  6.13136626E-06
  7121.04492  5.99587547E-05  6.01392412E-06
  7159.7959  5.92880424E-05  5.89867477E-06
  7198.75781  5.86244387E-05  5.78561458E-06
  7237.93066  5.79679981E-05  5.67468533E-06
  7277.31738  5.73179714E-05  5.56578152E-06
  7316.91895  5.66752387E-05  5.45897592E-06
  7356.73535  5.60387271E-05  5.35424761E-06
  7396.76855  5.54091821E-05  5.25154292E-06
  7437.01953  5.47861491E-05  5.15072588E-06
  7477.48926  5.41694608E-05  5.05176286E-06
  7518.17969  5.35596118E-05  4.95470022E-06
  7559.0918  5.29554054E-05  4.85961027E-06
  7600.22607  5.23580165E-05  4.76635523E-06
  7641.58447  5.17665212E-05  4.67474592E-06
  7683.16748  5.11813014E-05  4.58483828E-06
  7724.97705  5.06022479E-05  4.49665458E-06
  7767.01416  5.00286806E-05  4.41017755E-06
  7809.27979  4.94615961E-05  4.32535717E-06
  7851.77588  4.88996957E-05  4.24218251E-06
  7894.50244  4.83440126E-05  4.16061721E-06
  7937.4624  4.77938411E-05  4.08055348E-06
  7980.65576  4.72491447E-05  4.0019786E-06
  8024.08398  4.67104328E-05  3.92490165E-06
  8067.74902  4.61763702E-05  3.84924851E-06
  8111.65137  4.56484049E-05  3.77506035E-06
  8155.79199  4.51251399E-05  3.7022935E-06
  8200.17383  4.46073391E-05  3.6309325E-06
  8244.79688  4.40948061E-05  3.56093074E-06
  8289.66211  4.35868569E-05  3.4922607E-06
  8334.77246  4.30847176E-05  3.42490921E-06
  8380.12793  4.25863363E-05  3.35878599E-06
  8425.72949  4.20935467E-05  3.29393902E-06
  8471.58008  4.16051298E-05  3.230331E-06
  8517.67969  4.11212495E-05  3.16794967E-06
  8564.03027  4.06425534E-05  3.10676478E-06
  8610.63379  4.01671241E-05  3.04674518E-06
  8657.49121  3.96972137E-05  2.98788086E-06
  8704.60254  3.92305446E-05  2.93015319E-06
  8751.9707  3.8768605E-05  2.8735451E-06
  8799.5957  3.83107945E-05  2.81800749E-06
  8847.48047  3.78562072E-05  2.76351534E-06
  8895.62598  3.74069605E-05  2.71007275E-06
  8944.03223  3.69590816E-05  2.65757808E-06
  8992.70312  3.65163833E-05  2.6060934E-06
  9041.63965  3.60761296E-05  2.55561167E-06
  9090.84082  3.56391865E-05  2.50611629E-06
  9140.31152  3.52063471E-05  2.45755541E-06
  9190.0498  3.47740097E-05  2.4098581E-06
  9240.05957  3.43468964E-05  2.36308279E-06
  9290.3418  3.39191574E-05  2.31726199E-06
  9340.89648  3.34952347E-05  2.27233772E-06
  9391.72754  3.30726689E-05  2.22824838E-06
  9442.83398  3.26498193E-05  2.18496916E-06
  9494.21875  3.22321757E-05  2.14252714E-06
  9545.88379  3.18071143E-05  2.10091935E-06
  9597.83008  3.13874552E-05  2.06011691E-06
  9650.05859  3.09617135E-05  2.02010301E-06
  9702.57129  3.05343383E-05  1.98085809E-06
  9755.37012  3.01043874E-05  1.94251447E-06
  9808.45508  2.96536418E-05  1.90536207E-06
  9861.83105  2.92090826E-05  1.86891657E-06
  9915.49609  2.87475596E-05  1.83318446E-06
  9969.45312  2.82329111E-05  1.7981655E-06
  10023.7031  2.7726066E-05  1.76381866E-06
  10078.25  2.65470426E-05  1.73012586E-06
  10133.0928  2.39680539E-05  1.69707937E-06
  10188.2344  2.14420525E-05  1.66466646E-06
  10243.6748  2.48912602E-05  4.20426113E-06
  10299.418  2.52842274E-05  4.11809651E-06
  10355.4648  2.56659205E-05  4.03369177E-06
  10411.8164  2.5840427E-05  3.9510187E-06
  10468.4746  2.57267275E-05  3.87002365E-06
  10525.4414  2.56124731E-05  3.79069002E-06
  10582.7168  2.54631086E-05  3.71299848E-06
  10640.3057  2.52725204E-05  3.63690106E-06
  10698.207  2.50830708E-05  3.56236978E-06
  10756.4229  2.48761407E-05  3.48935509E-06
  10814.957  2.46518866E-05  3.41783243E-06
  10873.8076  2.44295825E-05  3.34778224E-06
  10932.9805  2.41939688E-05  3.27916018E-06
  10992.4746  2.39476649E-05  3.21194966E-06
  11052.292  2.37038603E-05  3.14611248E-06
  11112.4355  2.34438266E-05  3.08163476E-06
  11172.9062  2.31733502E-05  3.01847717E-06
  11233.7051  2.29059897E-05  2.95662016E-06
  11294.8359  2.26002576E-05  2.89601553E-06
  11356.2998  2.22738436E-05  2.83664849E-06
  11418.0977  2.19518643E-05  2.77850381E-06
  11480.2314  2.07742196E-05  2.72156058E-06
  11542.7041  1.91996787E-05  2.66579605E-06
  11605.5156  2.06851419E-05  3.6586207E-06
  11668.6689  2.10625276E-05  3.58623242E-06
  11732.166  2.09765531E-05  3.51529343E-06
  11796.0088  2.08900074E-05  3.44575301E-06
  11860.2002  2.07212706E-05  3.37756705E-06
  11924.7402  2.05275592E-05  3.31071692E-06
  11989.6309  2.03356158E-05  3.24519556E-06
  12054.874  1.96250894E-05  3.18096932E-06
  12120.4736  1.92252046E-05  3.57766794E-06
  12186.4297  1.97517256E-05  3.51000108E-06
  12252.7451  1.97372337E-05  3.44361092E-06
  12319.4209  1.96237434E-05  3.37848292E-06
  12386.459  1.95104185E-05  3.31458091E-06
  12453.8633  1.93660071E-05  3.25179008E-06
  12521.6328  1.92184998E-05  3.19017204E-06
  12589.7725  1.90719165E-05  3.12972088E-06
  12658.2822  1.89139628E-05  3.07029018E-06
  12727.1641  1.87562819E-05  3.01197451E-06
  12796.4219  1.85997887E-05  2.95477071E-06
  12866.0566  1.84370092E-05  2.89854256E-06
  12936.0693  1.82753647E-05  2.84338671E-06
  13006.4639  1.8114979E-05  2.78927428E-06
  13077.2422  1.79507933E-05  2.73608089E-06
  13148.4043  1.77880393E-05  2.68390681E-06
  13219.9531  1.76264766E-05  2.63271932E-06
  13291.8926  1.74626875E-05  2.58244063E-06
  13364.2236  1.73003846E-05  2.53311805E-06
  13436.9482  1.71392367E-05  2.48473179E-06
  13510.0684  1.69768955E-05  2.43718068E-06
  13583.5859  1.68160659E-05  2.39053952E-06
  13657.5029  1.66563732E-05  2.3447833E-06
  13731.8242  1.64961366E-05  2.29983038E-06
  13806.5479  1.6337417E-05  2.25574354E-06
  13881.6797  1.61798253E-05  2.21248456E-06
  13957.2188  1.6022148E-05  2.17000616E-06
  14033.1709  1.58659914E-05  2.12833993E-06
  14109.5352  1.57109553E-05  2.08745791E-06
  14186.3145  1.5556172E-05  2.04731441E-06
  14263.5127  1.54029003E-05  2.00793875E-06
  14341.1299  1.52507419E-05  1.96930773E-06
  14419.1699  1.50990836E-05  1.93137362E-06
  14497.6357  1.49489224E-05  1.8941704E-06
  14576.5273  1.47998599E-05  1.85767078E-06
  14655.8486  1.46514776E-05  1.82183874E-06
  14735.6016  1.45045697E-05  1.78670098E-06
  14815.7881  1.43587595E-05  1.75221749E-06
  14896.4111  1.42137615E-05  1.71836643E-06
  14977.4736  1.40702195E-05  1.68516669E-06
  15058.9766  1.3927759E-05  1.65259326E-06
  15140.9229  1.37862125E-05  1.6206294E-06
  15223.3154  1.36461003E-05  1.58928185E-06
  15306.1562  1.35070577E-05  1.55852092E-06
  15389.4482  1.3369011E-05  1.52832695E-06
  15473.1924  1.32323703E-05  1.49872051E-06
  15557.3936  1.30967819E-05  1.46966977E-06
  15642.0518  1.29622376E-05  1.44116677E-06
  15727.1719  1.28290694E-05  1.41321846E-06
  15812.7539  1.26969462E-05  1.38578969E-06
  15898.8027  1.25659035E-05  1.35887763E-06
  15985.3193  1.24362141E-05  1.33248636E-06
  16072.3057  1.23075497E-05  1.30659146E-06
  16159.7676  1.21799922E-05  1.28118438E-06
  16247.7031  1.20537588E-05  1.25627412E-06
  16336.1191  1.19285323E-05  1.23183065E-06
  16425.0156  1.18044336E-05  1.2078541E-06
  16514.3965  1.16816209E-05  1.18434616E-06
  16604.2617  1.15598077E-05  1.16127251E-06
  16694.6191  1.14391196E-05  1.13863939E-06
  16785.4648  1.13196966E-05  1.11644636E-06
  16876.8066  1.12012467E-05  1.09467294E-06
  16968.6445  1.10839328E-05  1.07332119E-06
  17060.9844  1.09678413E-05  1.05238439E-06
  17153.8242  1.08527192E-05  1.03183868E-06
  17247.1719  1.07387232E-05  1.01168678E-06
  17341.0234  1.06259267E-05  9.91930506E-07
  17435.3887  1.05140671E-05  9.72540647E-07
  17530.2676  1.04033243E-05  9.53525728E-07
  17625.6621  1.02937474E-05  9.34884326E-07
  17721.5762  1.01850974E-05  9.16594615E-07
  17818.0117  1.00775515E-05  8.98662336E-07
  17914.9727  9.97114057E-06  8.81079643E-07
  18012.4609  9.86563919E-06  8.63823345E-07
  18110.4785  9.76122919E-06  8.4690447E-07
  18209.0293  9.65792333E-06  8.30315969E-07
  18308.1191  9.55550331E-06  8.14040277E-07
  18407.7461  9.4541565E-06  7.98081828E-07
  18507.916  9.35388198E-06  7.82437724E-07
  18608.6309  9.25448512E-06  7.67085623E-07
  18709.8926  9.15613964E-06  7.5203593E-07
  18811.707  9.05883462E-06  7.37280232E-07
  18914.0742  8.96238635E-06  7.22803804E-07
  19017.  8.86696398E-06  7.08612674E-07
  19120.4844  8.77254752E-06  6.94698656E-07
  19224.5332  8.67899053E-06  6.81045549E-07
  19329.1465  8.58643307E-06  6.67660117E-07
  19434.3301  8.49484513E-06  6.54538042E-07
  19540.0859  8.40410667E-06  6.41665565E-07
  19646.418  8.31433681E-06  6.29046269E-07
  19753.3281  8.22550646E-06  6.16674811E-07
  19860.8184  8.13751558E-06  6.04536751E-07
  19968.8965  8.05046238E-06  5.92638571E-07
  20077.5605  7.96432141E-06  5.80972028E-07
  20186.8164  7.87900626E-06  5.69529391E-07
  20296.6699  7.79460424E-06  5.58311285E-07
  20407.1152  7.71108535E-06  5.47312936E-07
  20518.166  7.62837726E-06  5.36526954E-07
  20629.8203  7.54655593E-06  5.25952942E-07
  20742.0801  7.46558908E-06  5.15585839E-07
  20854.9531  7.38541894E-06  5.05415812E-07
  20968.4414  7.30610964E-06  4.95446557E-07
  21082.5449  7.22762479E-06  4.85672956E-07
  21197.2695  7.14992348E-06  4.76087621E-07
  21312.6191  7.07305617E-06  4.66692342E-07
  21428.5957  6.9969883E-06  4.57479956E-07
  21545.2051  6.92168805E-06  4.48446855E-07
  21662.4473  6.84719998E-06  4.39591588E-07
  21780.3262  6.77348407E-06  4.30909864E-07
  21898.8496  6.70051941E-06  4.22395772E-07
  22018.0176  6.62833963E-06  4.14050021E-07
  22137.832  6.55691019E-06  4.05867894E-07
  22258.3008  6.4862129E-06  3.97844133E-07
  22379.4238  6.4162773E-06  3.89979959E-07
  22501.2051  6.34706885E-06  3.82268496E-07
  22623.6504  6.27857662E-06  3.74707383E-07
  22746.7617  6.21082336E-06  3.67296622E-07
  22870.543  6.14377404E-06  3.60029503E-07
  22994.9961  6.07742686E-06  3.52904891E-07
  23120.1309  6.01179318E-06  3.45920739E-07
  23245.9434  5.94684343E-06  3.39073722E-07
  23372.4395  5.88257581E-06  3.32360571E-07
  23499.627  5.81900258E-06  3.25780462E-07
  23627.5039  5.75608874E-06  3.19329274E-07
  23756.0781  5.69383792E-06  3.13004193E-07
  23885.3516  5.63226149E-06  3.06805106E-07
  24015.3301  5.57132353E-06  3.00725901E-07
  24146.0137  5.51103358E-06  2.94766608E-07
  24277.4082  5.45139619E-06  2.88925094E-07
  24409.5195  5.39237681E-06  2.83197863E-07
  24542.3496  5.33398543E-06  2.77584064E-07
  24675.9023  5.27622751E-06  2.72081337E-07
  24810.1797  5.2190735E-06  2.66685987E-07
  24945.1914  5.16253021E-06  2.61396622E-07
  25080.9336  5.10660129E-06  2.56212786E-07
  25217.416  5.05125354E-06  2.51129791E-07
  25354.6426  4.99649877E-06  2.46147408E-07
  25492.6172  4.94233791E-06  2.41264416E-07
  25631.3379  4.88874412E-06  2.3647641E-07
  25770.8164  4.83572694E-06  2.31783588E-07
  25911.0547  4.78328411E-06  2.27183691E-07
  26052.0547  4.73138789E-06  2.22673535E-07
  26193.8223  4.68005146E-06  2.18252495E-07
  26336.3613  4.6292721E-06  2.13919392E-07
  26479.6777  4.57902615E-06  2.09671683E-07
  26623.7715  4.52932454E-06  2.0550803E-07
  26768.6504  4.48016226E-06  2.01427611E-07
  26914.3164  4.43151566E-06  1.9742609E-07
  27060.7773  4.38339612E-06  1.93504178E-07
  27208.0352  4.33579908E-06  1.89660582E-07
  27356.0918  4.2887018E-06  1.85891608E-07
  27504.9551  4.24211612E-06  1.82197979E-07
  27654.6289  4.19603521E-06  1.78577565E-07
  27805.1191  4.15043814E-06  1.75028532E-07
  27956.4238  4.10533812E-06  1.71549999E-07
  28108.5566  4.06072513E-06  1.68140474E-07
  28261.5156  4.01658599E-06  1.64797754E-07
  28415.3066  3.97292615E-06  1.61521385E-07
  28569.9336  3.92973971E-06  1.58310471E-07
  28725.4023  3.88701164E-06  1.55162653E-07
  28881.7168  3.84474879E-06  1.52077831E-07
  29038.8828  3.80294296E-06  1.49054031E-07
  29196.9043  3.76158118E-06  1.46089548E-07
  29355.7852  3.72066984E-06  1.43184437E-07
  29515.5312  3.68020096E-06  1.40336724E-07
  29676.1465  3.64016569E-06  1.3754503E-07
  29837.6348  3.60056629E-06  1.34808843E-07
  30000.002  3.56139412E-06  1.32127752E-07